date,open,high,low,close,volume
2016-09-26,7.610000133514404,7.760000228881836,7.579999923706055,7.699999809265137,214500.0
2016-09-27,7.679999828338623,8.0600004196167,7.565000057220459,7.980000019073486,238300.0
2016-09-28,7.980000019073486,8.1899995803833,7.769999980926514,7.900000095367432,283800.0
2016-09-29,7.920000076293945,7.920000076293945,7.445000171661377,7.46999979019165,230000.0
2016-09-30,7.519999980926514,7.869999885559082,7.340000152587891,7.739999771118164,245200.0
2016-10-03,7.650000095367432,7.820000171661377,7.630000114440918,7.800000190734863,171700.0
2016-10-04,7.840000152587891,8.029999732971191,7.829999923706055,7.909999847412109,105300.0
2016-10-05,7.760000228881836,8.550000190734863,7.760000228881836,8.380000114440918,416100.0
2016-10-06,8.510000228881836,8.619999885559082,8.039999961853027,8.420000076293945,280800.0
2016-10-07,8.470000267028809,8.970000267028809,8.369999885559082,8.640000343322754,398200.0
2016-10-10,8.65999984741211,9.569999694824219,8.65999984741211,9.329999923706055,683000.0
2016-10-11,9.229999542236328,9.39900016784668,8.760000228881836,8.890000343322754,512800.0
2016-10-12,8.890000343322754,8.90999984741211,8.229999542236328,8.25,338800.0
2016-10-13,7.230000019073486,7.328999996185303,6.699999809265137,6.849999904632568,4847800.0
2016-10-14,7.010000228881836,7.309999942779541,6.539999961853027,6.590000152587891,1109800.0
2016-10-17,6.559999942779541,6.583000183105469,5.929999828338623,6.010000228881836,686900.0
2016-10-18,6.130000114440918,6.480000019073486,6.059999942779541,6.230000019073486,580900.0
2016-10-19,6.230000019073486,6.269999980926514,5.889999866485596,5.900000095367432,615000.0
2016-10-20,5.869999885559082,6.139999866485596,5.769999980926514,6.059999942779541,516900.0
2016-10-21,6.079999923706055,6.519999980926514,6.0,6.409999847412109,693800.0
2016-10-24,6.429999828338623,6.461999893188477,6.179999828338623,6.230000019073486,369900.0
2016-10-25,6.260000228881836,6.300000190734863,5.989999771118164,6.099999904632568,486100.0
2016-10-26,6.090000152587891,6.099999904632568,5.769999980926514,5.820000171661377,352100.0
2016-10-27,5.849999904632568,5.960000038146973,5.679999828338623,5.730000019073486,441900.0
2016-10-28,5.75,5.78000020980835,5.46999979019165,5.659999847412109,514700.0
2016-10-31,5.650000095367432,5.650000095367432,5.300000190734863,5.349999904632568,304500.0
2016-11-01,5.349999904632568,5.599999904632568,5.25,5.599999904632568,422800.0
2016-11-02,5.650000095367432,5.650000095367432,5.25,5.349999904632568,287000.0
2016-11-03,5.25,5.449999809265137,4.900000095367432,5.0,514700.0
2016-11-04,4.949999809265137,5.400000095367432,4.949999809265137,5.25,298200.0
2016-11-07,4.949999809265137,5.400000095367432,4.949999809265137,5.099999904632568,462700.0
2016-11-08,5.199999809265137,5.349999904632568,4.949999809265137,5.300000190734863,328300.0
2016-11-09,5.449999809265137,5.75,5.300000190734863,5.5,815100.0
2016-11-10,5.650000095367432,5.800000190734863,5.449999809265137,5.599999904632568,549400.0
2016-11-11,5.599999904632568,5.699999809265137,5.400000095367432,5.599999904632568,755800.0
2016-11-14,5.800000190734863,6.0,5.550000190734863,5.699999809265137,635500.0
2016-11-15,5.650000095367432,5.75,5.449999809265137,5.599999904632568,472300.0
2016-11-16,5.599999904632568,5.849999904632568,5.5,5.650000095367432,474500.0
2016-11-17,5.699999809265137,5.875,5.550000190734863,5.800000190734863,692700.0
2016-11-18,5.849999904632568,6.0,5.724999904632568,5.900000095367432,570800.0
2016-11-21,5.949999809265137,6.099999904632568,5.875,6.050000190734863,440700.0
2016-11-22,6.199999809265137,6.25,5.800000190734863,5.900000095367432,504500.0
2016-11-23,5.849999904632568,5.849999904632568,5.599999904632568,5.800000190734863,268900.0
2016-11-25,5.849999904632568,5.849999904632568,5.650000095367432,5.800000190734863,131000.0
2016-11-28,5.699999809265137,5.900000095367432,5.650000095367432,5.75,185900.0
2016-11-29,5.800000190734863,6.0,5.5,5.599999904632568,614600.0
2016-11-30,5.650000095367432,5.849999904632568,5.650000095367432,5.75,245300.0
2016-12-01,5.849999904632568,5.849999904632568,5.199999809265137,5.449999809265137,572500.0
2016-12-02,5.400000095367432,5.800000190734863,5.300000190734863,5.5,341000.0
2016-12-05,5.650000095367432,5.75,5.5,5.699999809265137,516100.0
2016-12-06,5.599999904632568,5.75,5.400000095367432,5.599999904632568,276500.0
2016-12-07,5.599999904632568,5.610000133514404,5.050000190734863,5.150000095367432,445400.0
2016-12-08,5.25,5.349999904632568,5.050000190734863,5.199999809265137,316100.0
2016-12-09,5.25,5.474999904632568,5.125,5.199999809265137,330400.0
2016-12-12,5.150000095367432,5.199999809265137,4.949999809265137,5.050000190734863,424900.0
2016-12-13,5.099999904632568,5.25,4.949999809265137,4.949999809265137,370000.0
2016-12-14,5.0,5.150000095367432,4.800000190734863,4.949999809265137,592600.0
2016-12-15,5.0,5.050000190734863,4.900000095367432,5.0,378600.0
2016-12-16,4.949999809265137,5.099999904632568,4.949999809265137,5.0,640300.0
2016-12-19,4.949999809265137,5.099999904632568,4.699999809265137,4.75,622600.0
2016-12-20,4.800000190734863,4.849999904632568,4.5,4.650000095367432,1168600.0
2016-12-21,4.650000095367432,4.900000095367432,4.599999904632568,4.699999809265137,791700.0
2016-12-22,4.650000095367432,4.800000190734863,4.599999904632568,4.699999809265137,318300.0
2016-12-23,4.650000095367432,4.949999809265137,4.632999897003174,4.900000095367432,483500.0
2016-12-27,4.900000095367432,5.199999809265137,4.699999809265137,4.75,603300.0
2016-12-28,4.75,4.900000095367432,4.599999904632568,4.699999809265137,452500.0
2016-12-29,4.699999809265137,4.949999809265137,4.659999847412109,4.75,351100.0
2016-12-30,4.75,4.800000190734863,4.550000190734863,4.650000095367432,572200.0
2017-01-03,4.800000190734863,4.849999904632568,4.349999904632568,4.449999809265137,578100.0
2017-01-04,4.449999809265137,4.900000095367432,4.25,4.849999904632568,620600.0
2017-01-05,4.800000190734863,5.25,4.699999809265137,5.0,737600.0
2017-01-06,4.949999809265137,5.099999904632568,4.849999904632568,4.949999809265137,282700.0
2017-01-09,5.0,5.099999904632568,4.925000190734863,5.0,275800.0
2017-01-10,5.050000190734863,5.099999904632568,4.949999809265137,5.0,189400.0
2017-01-11,5.400000095367432,5.5,4.840000152587891,4.949999809265137,826100.0
2017-01-12,4.900000095367432,4.949999809265137,4.75,4.75,277900.0
2017-01-13,4.800000190734863,5.099999904632568,4.800000190734863,4.949999809265137,457900.0
2017-01-17,4.949999809265137,5.0,4.599999904632568,4.599999904632568,448300.0
2017-01-18,4.650000095367432,4.75,4.5,4.550000190734863,286500.0
2017-01-19,4.550000190734863,4.550000190734863,4.300000190734863,4.300000190734863,192600.0
2017-01-20,4.300000190734863,4.400000095367432,4.150000095367432,4.199999809265137,291700.0
2017-01-23,4.25,4.349999904632568,4.099999904632568,4.25,312700.0
2017-01-24,4.449999809265137,4.699999809265137,4.099999904632568,4.650000095367432,548700.0
2017-01-25,4.599999904632568,4.949999809265137,4.550000190734863,4.949999809265137,500300.0
2017-01-26,4.900000095367432,4.949999809265137,4.599999904632568,4.599999904632568,251500.0
2017-01-27,4.599999904632568,4.900000095367432,4.5,4.75,284800.0
2017-01-30,4.75,4.75,4.5,4.699999809265137,177300.0
2017-01-31,4.699999809265137,4.949999809265137,4.550000190734863,4.800000190734863,174900.0
2017-02-01,4.849999904632568,4.900000095367432,4.699999809265137,4.75,167300.0
2017-02-02,4.75,4.800000190734863,4.599999904632568,4.599999904632568,243100.0
2017-02-03,4.650000095367432,4.949999809265137,4.599999904632568,4.949999809265137,233700.0
2017-02-06,4.949999809265137,5.050000190734863,4.900000095367432,4.900000095367432,110300.0
2017-02-07,4.900000095367432,5.0,4.75,4.849999904632568,163300.0
2017-02-08,4.849999904632568,4.849999904632568,4.699999809265137,4.75,128400.0
2017-02-09,4.800000190734863,5.0,4.75,5.0,94600.0
2017-02-10,4.949999809265137,5.0,4.900000095367432,5.0,129100.0
2017-02-13,5.050000190734863,5.199999809265137,4.849999904632568,5.0,324400.0
2017-02-14,4.949999809265137,5.199999809265137,4.875,5.0,431400.0
2017-02-15,4.900000095367432,5.0,4.75,4.900000095367432,329900.0
2017-02-16,4.849999904632568,4.900000095367432,4.699999809265137,4.699999809265137,143000.0
2017-02-17,4.699999809265137,4.75,4.5,4.650000095367432,415800.0
2017-02-21,4.650000095367432,4.75,4.550000190734863,4.699999809265137,289500.0
2017-02-22,5.050000190734863,5.5,4.849999904632568,5.150000095367432,1113200.0
2017-02-23,5.25,5.849999904632568,5.150000095367432,5.599999904632568,1267900.0
2017-02-24,5.599999904632568,6.0,5.5,5.900000095367432,658100.0
2017-02-27,6.0,6.199999809265137,5.505000114440918,5.849999904632568,647000.0
2017-02-28,5.900000095367432,6.0,5.599999904632568,5.699999809265137,408800.0
2017-03-01,5.699999809265137,5.900000095367432,5.599999904632568,5.75,351100.0
2017-03-02,5.800000190734863,5.900000095367432,5.550000190734863,5.599999904632568,330600.0
2017-03-03,5.599999904632568,5.775000095367432,5.349999904632568,5.349999904632568,490500.0
2017-03-06,10.25,11.600000381469727,9.100000381469727,10.199999809265137,33774400.0
2017-03-07,10.5,11.600000381469727,9.850000381469727,10.899999618530273,11196700.0
2017-03-08,10.899999618530273,11.1899995803833,9.850000381469727,10.149999618530273,4419400.0
2017-03-09,10.550000190734863,12.0,10.25,11.800000190734863,11696300.0
2017-03-10,11.899999618530273,12.600000381469727,11.199999809265137,11.399999618530273,6755600.0
2017-03-13,11.949999809265137,12.295000076293945,11.300000190734863,12.199999809265137,3310100.0
2017-03-14,12.199999809265137,13.850000381469727,11.550000190734863,13.149999618530273,4887200.0
2017-03-15,13.25,14.449999809265137,13.149999618530273,14.449999809265137,6349100.0
2017-03-16,14.600000381469727,15.050000190734863,13.100000381469727,13.899999618530273,5160300.0
2017-03-17,13.75,14.0,13.100000381469727,13.550000190734863,1845600.0
2017-03-20,13.399999618530273,13.449999809265137,12.550000190734863,13.25,2667000.0
2017-03-21,13.199999809265137,13.25,11.600000381469727,11.75,2962600.0
2017-03-22,11.5,11.699999809265137,11.050000190734863,11.100000381469727,2002800.0
2017-03-23,11.100000381469727,11.225000381469727,10.399999618530273,10.899999618530273,3239900.0
2017-03-24,10.949999809265137,11.550000190734863,10.949999809265137,11.399999618530273,1745500.0
2017-03-27,11.149999618530273,11.699999809265137,10.949999809265137,11.649999618530273,1247000.0
2017-03-28,11.699999809265137,11.9399995803833,11.300000190734863,11.600000381469727,1093000.0
2017-03-29,11.699999809265137,12.239999771118164,11.600000381469727,11.699999809265137,1062400.0
2017-03-30,11.649999618530273,11.850000381469727,10.949999809265137,11.449999809265137,1144100.0
2017-03-31,11.5,11.737000465393066,11.149999618530273,11.649999618530273,1436300.0
2017-04-03,11.699999809265137,11.699999809265137,10.850000381469727,11.050000190734863,1631800.0
2017-04-04,11.100000381469727,11.550000190734863,10.850000381469727,11.050000190734863,1182900.0
2017-04-05,11.050000190734863,11.149999618530273,10.149999618530273,10.449999809265137,2038800.0
2017-04-06,10.399999618530273,10.449999809265137,9.800000190734863,10.399999618530273,1905600.0
2017-04-07,10.350000381469727,10.600000381469727,10.125,10.550000190734863,1219800.0
2017-04-10,10.550000190734863,10.699999809265137,10.100000381469727,10.25,770900.0
2017-04-11,10.25,10.399999618530273,10.050000190734863,10.25,738500.0
2017-04-12,10.300000190734863,10.300000190734863,9.949999809265137,10.0,942600.0
2017-04-13,10.0,10.199999809265137,9.800000190734863,9.899999618530273,889900.0
2017-04-17,9.850000381469727,10.694999694824219,9.850000381469727,10.5,1391700.0
2017-04-18,10.350000381469727,10.52400016784668,9.949999809265137,10.0,1107300.0
2017-04-19,10.100000381469727,10.699999809265137,10.100000381469727,10.300000190734863,1004000.0
2017-04-20,10.399999618530273,10.795000076293945,10.350000381469727,10.449999809265137,1011800.0
2017-04-21,10.5,10.75,10.199999809265137,10.300000190734863,1120500.0
2017-04-24,10.600000381469727,10.600000381469727,10.050000190734863,10.399999618530273,903200.0
2017-04-25,10.800000190734863,12.149999618530273,10.75,12.0,3744300.0
2017-04-26,12.399999618530273,12.800000190734863,11.850000381469727,12.149999618530273,2972600.0
2017-04-27,12.149999618530273,12.227999687194824,11.600000381469727,11.949999809265137,1499300.0
2017-04-28,12.449999809265137,12.6899995803833,11.0,11.050000190734863,2435900.0
2017-05-01,11.0,11.100000381469727,10.600000381469727,10.899999618530273,949300.0
2017-05-02,10.949999809265137,10.949999809265137,10.5,10.800000190734863,942400.0
2017-05-03,10.699999809265137,10.699999809265137,10.199999809265137,10.449999809265137,1205500.0
2017-05-04,10.449999809265137,10.699999809265137,10.050000190734863,10.149999618530273,1193100.0
2017-05-05,10.100000381469727,10.145000457763672,9.404999732971191,10.050000190734863,2543600.0
2017-05-08,9.899999618530273,10.649999618530273,9.800000190734863,10.399999618530273,1108000.0
2017-05-09,10.350000381469727,10.800000190734863,10.25,10.800000190734863,798300.0
2017-05-10,10.75,11.375,10.550000190734863,11.300000190734863,1031900.0
2017-05-11,11.149999618530273,11.25,10.850000381469727,11.050000190734863,787200.0
2017-05-12,11.050000190734863,12.199999809265137,11.0,11.75,1481500.0
2017-05-15,11.800000190734863,12.100000381469727,11.5,11.649999618530273,900100.0
2017-05-16,11.699999809265137,11.800000190734863,11.25,11.399999618530273,964400.0
2017-05-17,11.100000381469727,11.449999809265137,10.850000381469727,11.100000381469727,1238000.0
2017-05-18,11.100000381469727,11.25,10.699999809265137,11.199999809265137,926300.0
2017-05-19,11.300000190734863,11.600000381469727,11.100000381469727,11.350000381469727,1123700.0
2017-05-22,11.350000381469727,11.649999618530273,11.149999618530273,11.449999809265137,730800.0
2017-05-23,12.149999618530273,12.949999809265137,11.699999809265137,11.949999809265137,3456300.0
2017-05-24,12.050000190734863,12.050000190734863,11.5,11.850000381469727,920700.0
2017-05-25,11.850000381469727,12.0,11.649999618530273,11.899999618530273,731800.0
2017-05-26,11.899999618530273,12.550000190734863,11.800000190734863,12.050000190734863,1266500.0
2017-05-30,11.800000190734863,11.850000381469727,11.199999809265137,11.350000381469727,1464000.0
2017-05-31,11.399999618530273,11.5,10.994999885559082,11.25,762800.0
2017-06-01,11.350000381469727,11.850000381469727,11.199999809265137,11.800000190734863,772000.0
2017-06-02,11.949999809265137,14.100000381469727,11.949999809265137,13.850000381469727,3964100.0
2017-06-05,15.100000381469727,15.350000381469727,12.850000381469727,13.0,7577800.0
2017-06-06,12.899999618530273,12.949999809265137,12.199999809265137,12.649999618530273,2147900.0
2017-06-07,12.600000381469727,12.75,11.850000381469727,12.300000190734863,1612300.0
2017-06-08,12.300000190734863,13.149999618530273,12.121999740600586,13.0,1276900.0
2017-06-09,13.0,13.0,11.864999771118164,12.100000381469727,1821900.0
2017-06-12,12.199999809265137,12.199999809265137,11.0,11.149999618530273,2676300.0
2017-06-13,11.300000190734863,11.399999618530273,10.550000190734863,10.649999618530273,2446900.0
2017-06-14,10.75,11.800000190734863,10.550000190734863,11.199999809265137,3261600.0
2017-06-15,11.100000381469727,11.194999694824219,10.800000190734863,11.050000190734863,1326400.0
2017-06-16,11.300000190734863,11.449999809265137,10.899999618530273,11.100000381469727,5792200.0
2017-06-19,11.100000381469727,11.449999809265137,10.904999732971191,11.0,1395900.0
2017-06-20,10.949999809265137,11.350000381469727,10.949999809265137,11.100000381469727,1590300.0
2017-06-21,11.199999809265137,11.730999946594238,11.100000381469727,11.449999809265137,1748500.0
2017-06-22,11.550000190734863,12.149999618530273,11.350000381469727,12.0,1574800.0
2017-06-23,12.0,12.199999809265137,11.550000190734863,11.949999809265137,2045300.0
2017-06-26,12.199999809265137,12.300000190734863,11.550000190734863,11.600000381469727,1478900.0
2017-06-27,11.550000190734863,11.675000190734863,10.949999809265137,11.050000190734863,1433400.0
2017-06-28,11.0,11.5,10.949999809265137,11.350000381469727,1374200.0
2017-06-29,11.199999809265137,11.199999809265137,10.574999809265137,10.600000381469727,2022400.0
2017-06-30,10.5,10.5,10.0,10.050000190734863,1727800.0
2017-07-03,10.149999618530273,10.25,9.949999809265137,10.149999618530273,867500.0
2017-07-05,10.100000381469727,10.350000381469727,10.0,10.149999618530273,1301300.0
2017-07-06,10.0,10.1899995803833,9.800000190734863,10.100000381469727,1501900.0
2017-07-07,10.149999618530273,10.399999618530273,9.975000381469727,10.300000190734863,1187600.0
2017-07-10,10.199999809265137,10.5,10.0,10.449999809265137,1006200.0
2017-07-11,10.5,10.5,10.199999809265137,10.399999618530273,1084900.0
2017-07-12,10.550000190734863,10.600000381469727,10.194999694824219,10.600000381469727,1121600.0
2017-07-13,10.649999618530273,10.949999809265137,10.300000190734863,10.699999809265137,1176200.0
2017-07-14,10.699999809265137,11.0,10.399999618530273,10.850000381469727,1111700.0
2017-07-17,10.850000381469727,11.300000190734863,10.699999809265137,11.199999809265137,1066100.0
2017-07-18,11.649999618530273,11.649999618530273,11.100000381469727,11.25,1055100.0
2017-07-19,11.25,11.5,11.100000381469727,11.199999809265137,910400.0
2017-07-20,11.199999809265137,11.850000381469727,11.100000381469727,11.699999809265137,1288400.0
2017-07-21,11.800000190734863,12.25,11.600000381469727,12.199999809265137,1616100.0
2017-07-24,12.199999809265137,12.600000381469727,11.949999809265137,12.050000190734863,1534300.0
2017-07-25,12.100000381469727,12.199999809265137,11.324999809265137,11.350000381469727,1634200.0
2017-07-26,11.399999618530273,11.899999618530273,11.350000381469727,11.800000190734863,898500.0
2017-07-27,11.899999618530273,12.125,11.375,11.550000190734863,1237600.0
2017-07-28,11.5,11.774999618530273,11.350000381469727,11.75,534900.0
2017-07-31,11.699999809265137,11.899999618530273,11.300000190734863,11.5,811000.0
2017-08-01,11.600000381469727,11.800000190734863,11.0,11.100000381469727,1011700.0
2017-08-02,11.100000381469727,11.246000289916992,10.949999809265137,11.050000190734863,1156000.0
2017-08-03,11.050000190734863,11.149999618530273,10.350000381469727,10.399999618530273,1559100.0
2017-08-04,10.300000190734863,10.649999618530273,10.199999809265137,10.350000381469727,1117800.0
2017-08-07,10.199999809265137,10.600000381469727,10.050000190734863,10.149999618530273,838800.0
2017-08-08,10.199999809265137,10.449999809265137,9.949999809265137,10.0,1157200.0
2017-08-09,10.25,10.6899995803833,10.050000190734863,10.149999618530273,817400.0
2017-08-10,10.149999618530273,10.300000190734863,9.850000381469727,10.100000381469727,1653300.0
2017-08-11,10.25,11.449999809265137,10.149999618530273,11.350000381469727,1871100.0
2017-08-14,11.5,11.600000381469727,11.100000381469727,11.600000381469727,1143800.0
2017-08-15,11.5,11.949999809265137,11.274999618530273,11.350000381469727,1362500.0
2017-08-16,11.399999618530273,11.449999809265137,11.050000190734863,11.25,688300.0
2017-08-17,11.25,11.5,11.0,11.0,997100.0
2017-08-18,10.949999809265137,11.050000190734863,10.732000350952148,10.850000381469727,889400.0
2017-08-21,10.850000381469727,11.0,10.550000190734863,10.949999809265137,898300.0
2017-08-22,10.949999809265137,11.5,10.850000381469727,11.5,933100.0
2017-08-23,11.350000381469727,11.850000381469727,11.25,11.75,1039600.0
2017-08-24,11.649999618530273,12.024999618530273,11.550000190734863,11.949999809265137,1086200.0
2017-08-25,12.050000190734863,12.100000381469727,11.399999618530273,11.449999809265137,865600.0
2017-08-28,11.5,11.899999618530273,11.399999618530273,11.899999618530273,987000.0
2017-08-29,11.699999809265137,12.149999618530273,11.5600004196167,12.100000381469727,988300.0
2017-08-30,12.050000190734863,12.800000190734863,12.050000190734863,12.199999809265137,1534700.0
2017-08-31,12.25,12.725000381469727,12.149999618530273,12.699999809265137,1110500.0
2017-09-01,12.699999809265137,12.75,12.25,12.699999809265137,909400.0
2017-09-05,12.699999809265137,12.899999618530273,12.399999618530273,12.600000381469727,1037600.0
2017-09-06,12.699999809265137,12.800000190734863,12.0,12.100000381469727,1198300.0
2017-09-07,12.100000381469727,12.699999809265137,11.805000305175781,12.649999618530273,980000.0
2017-09-08,12.649999618530273,13.100000381469727,12.0,12.199999809265137,1579500.0
2017-09-11,12.25,12.649999618530273,12.25,12.449999809265137,895100.0
2017-09-12,12.449999809265137,12.550000190734863,11.550000190734863,11.550000190734863,1602000.0
2017-09-13,11.600000381469727,11.850000381469727,11.449999809265137,11.75,789200.0
2017-09-14,11.649999618530273,11.899999618530273,11.449999809265137,11.899999618530273,671600.0
2017-09-15,11.899999618530273,12.199999809265137,11.699999809265137,12.0,2090500.0
2017-09-18,12.0,12.100000381469727,11.625,11.75,964800.0
2017-09-19,11.800000190734863,11.899999618530273,11.390000343322754,11.5,760300.0
2017-09-20,11.5,11.699999809265137,11.149999618530273,11.550000190734863,877000.0
2017-09-21,11.600000381469727,11.850000381469727,11.25,11.800000190734863,803300.0
2017-09-22,11.850000381469727,12.0,11.649999618530273,11.949999809265137,768700.0
2017-09-25,11.899999618530273,12.055000305175781,11.699999809265137,12.0,939300.0
2017-09-26,11.899999618530273,12.0,11.300000190734863,11.350000381469727,836900.0
2017-09-27,11.550000190734863,11.899999618530273,11.399999618530273,11.699999809265137,868100.0
2017-09-28,11.75,12.0,11.600000381469727,11.800000190734863,637800.0
2017-09-29,11.850000381469727,12.0,11.600000381469727,11.850000381469727,1083200.0
2017-10-02,11.899999618530273,12.050000190734863,11.600000381469727,12.0,981000.0
2017-10-03,12.800000190734863,12.800000190734863,11.899999618530273,12.0,1184700.0
2017-10-04,11.949999809265137,12.25,11.800000190734863,12.149999618530273,1089700.0
2017-10-05,12.149999618530273,12.449999809265137,12.100000381469727,12.25,582400.0
2017-10-06,12.25,12.527999877929688,12.100000381469727,12.300000190734863,553400.0
2017-10-09,12.300000190734863,12.449999809265137,11.850000381469727,11.899999618530273,679300.0
2017-10-10,11.949999809265137,12.149999618530273,11.725000381469727,11.949999809265137,577700.0
2017-10-11,12.0,12.050000190734863,11.425000190734863,11.600000381469727,1181100.0
2017-10-12,11.600000381469727,11.699999809265137,11.199999809265137,11.25,806100.0
2017-10-13,11.199999809265137,11.25,10.75,11.0,898900.0
2017-10-16,9.649999618530273,10.149999618530273,9.149999618530273,9.274999618530273,4627600.0
2017-10-17,9.399999618530273,9.449999809265137,8.350000381469727,8.425000190734863,2687400.0
2017-10-18,8.5,8.699999809265137,7.75,7.949999809265137,4312200.0
2017-10-19,8.0,8.045000076293945,7.449999809265137,7.5,1955100.0
2017-10-20,7.599999904632568,8.699999809265137,7.5,8.600000381469727,2699500.0
2017-10-23,8.800000190734863,8.899999618530273,8.100000381469727,8.399999618530273,2173800.0
2017-10-24,8.350000381469727,8.600000381469727,7.900000095367432,7.949999809265137,1489900.0
2017-10-25,8.0,8.100000381469727,7.650000095367432,8.050000190734863,1099500.0
2017-10-26,8.0,8.0,7.5,7.800000190734863,1568800.0
2017-10-27,7.949999809265137,8.199999809265137,7.650000095367432,8.149999618530273,1395000.0
2017-10-30,8.050000190734863,8.399999618530273,8.0,8.050000190734863,894500.0
2017-10-31,8.050000190734863,8.350000381469727,8.0,8.149999618530273,950300.0
2017-11-01,8.300000190734863,8.375,7.800000190734863,7.800000190734863,977200.0
2017-11-02,7.800000190734863,8.09000015258789,7.75,8.050000190734863,802800.0
2017-11-03,8.050000190734863,8.300000190734863,7.900000095367432,8.300000190734863,1006000.0
2017-11-06,8.350000381469727,8.399999618530273,7.84499979019165,7.849999904632568,918700.0
2017-11-07,7.900000095367432,7.974999904632568,7.550000190734863,7.550000190734863,1066600.0
2017-11-08,7.75,7.949999809265137,7.25,7.699999809265137,1210600.0
2017-11-09,7.800000190734863,8.600000381469727,7.684999942779541,8.300000190734863,1871000.0
2017-11-10,8.350000381469727,8.5,8.199999809265137,8.449999809265137,915200.0
2017-11-13,8.350000381469727,8.550000190734863,8.149999618530273,8.25,618300.0
2017-11-14,8.75,8.949999809265137,8.25,8.649999618530273,1539100.0
2017-11-15,8.550000190734863,8.640000343322754,8.300000190734863,8.449999809265137,895300.0
2017-11-16,8.449999809265137,8.649999618530273,8.199999809265137,8.300000190734863,2087600.0
2017-11-17,8.300000190734863,8.300000190734863,7.650000095367432,7.699999809265137,1555300.0
2017-11-20,7.75,7.928999900817871,7.599999904632568,7.699999809265137,913700.0
2017-11-21,7.699999809265137,7.800000190734863,7.300000190734863,7.400000095367432,2491300.0
2017-11-22,7.449999809265137,7.5,7.25,7.349999904632568,2148700.0
2017-11-24,7.400000095367432,7.699999809265137,7.25,7.650000095367432,680800.0
2017-11-27,7.699999809265137,8.0,7.550000190734863,7.599999904632568,1014700.0
2017-11-28,7.650000095367432,8.199999809265137,7.550000190734863,8.100000381469727,1041400.0
2017-11-29,8.149999618530273,8.449999809265137,8.074999809265137,8.199999809265137,966800.0
2017-11-30,8.25,8.600000381469727,8.149999618530273,8.600000381469727,1105800.0
2017-12-01,8.75,8.75,8.0,8.324999809265137,1253000.0
2017-12-04,8.5,8.600000381469727,8.100000381469727,8.149999618530273,884300.0
2017-12-05,8.149999618530273,8.25,7.900000095367432,7.949999809265137,981400.0
2017-12-06,8.0,8.100000381469727,7.599999904632568,7.900000095367432,1101900.0
2017-12-07,8.0,8.390000343322754,7.900000095367432,8.25,903300.0
2017-12-08,8.25,8.600000381469727,8.25,8.5,1292100.0
2017-12-11,8.649999618530273,8.850000381469727,8.100000381469727,8.25,1608700.0
2017-12-12,8.25,8.5,7.974999904632568,8.050000190734863,1162800.0
2017-12-13,8.100000381469727,8.300000190734863,8.0,8.199999809265137,1070600.0
2017-12-14,8.25,8.449999809265137,8.100000381469727,8.25,1859600.0
2017-12-15,8.25,8.399999618530273,8.175000190734863,8.25,1518800.0
2017-12-18,8.199999809265137,8.5,8.199999809265137,8.399999618530273,1030400.0
2017-12-19,8.5,8.545000076293945,8.199999809265137,8.199999809265137,897400.0
2017-12-20,8.300000190734863,8.449999809265137,8.170999526977539,8.399999618530273,673700.0
2017-12-21,8.350000381469727,8.595000267028809,8.300000190734863,8.399999618530273,720000.0
2017-12-22,8.5,8.649999618530273,8.300000190734863,8.5,866000.0
2017-12-26,8.5,8.5,8.25,8.449999809265137,426000.0
2017-12-27,8.449999809265137,8.550000190734863,8.350000381469727,8.399999618530273,2310600.0
2017-12-28,8.5,8.899999618530273,8.25,8.75,1180100.0
2017-12-29,8.800000190734863,8.84000015258789,8.199999809265137,8.199999809265137,1700500.0
2018-01-02,8.300000190734863,8.75,8.199999809265137,8.75,1301800.0
2018-01-03,8.75,9.545000076293945,8.649999618530273,9.25,1851300.0
2018-01-04,9.25,9.350000381469727,8.850000381469727,8.850000381469727,1974500.0
2018-01-05,8.850000381469727,9.350000381469727,8.75,9.100000381469727,1713100.0
2018-01-08,9.199999809265137,9.25,8.649999618530273,8.699999809265137,1595800.0
2018-01-09,8.800000190734863,9.0,8.649999618530273,8.850000381469727,784600.0
2018-01-10,8.850000381469727,9.225000381469727,8.699999809265137,9.199999809265137,1078800.0
2018-01-11,9.300000190734863,10.800000190734863,9.25,10.649999618530273,3381000.0
2018-01-12,10.550000190734863,10.60099983215332,9.550000190734863,9.875,2099600.0
2018-01-16,9.949999809265137,10.074999809265137,9.5,9.550000190734863,947400.0
2018-01-17,9.600000381469727,9.850000381469727,9.449999809265137,9.600000381469727,840000.0
2018-01-18,9.600000381469727,9.75,9.300000190734863,9.375,625600.0
2018-01-19,9.350000381469727,9.475000381469727,9.199999809265137,9.350000381469727,726200.0
2018-01-22,9.5,10.300000190734863,9.350000381469727,10.25,1533000.0
2018-01-23,10.199999809265137,10.350000381469727,9.949999809265137,10.350000381469727,1144800.0
2018-01-24,10.399999618530273,10.550000190734863,10.0,10.25,902000.0
2018-01-25,10.399999618530273,11.0,10.100000381469727,11.0,1682300.0
2018-01-26,11.199999809265137,12.40999984741211,11.0,12.350000381469727,3031200.0
2018-01-29,12.350000381469727,13.25,12.0600004196167,12.25,2763100.0
2018-01-30,11.949999809265137,12.199999809265137,11.399999618530273,11.699999809265137,1675200.0
2018-01-31,11.850000381469727,12.100000381469727,11.5,11.5,1037900.0
2018-02-01,11.5,11.654999732971191,11.055000305175781,11.300000190734863,1011500.0
2018-02-02,11.850000381469727,12.199999809265137,11.100000381469727,11.800000190734863,2674800.0
2018-02-05,11.699999809265137,12.524999618530273,11.600000381469727,12.0,4633800.0
2018-02-06,11.600000381469727,13.100000381469727,11.449999809265137,13.050000190734863,2993800.0
2018-02-07,13.0,13.199999809265137,12.149999618530273,12.399999618530273,3260500.0
2018-02-08,12.399999618530273,12.600000381469727,11.600000381469727,11.800000190734863,1936600.0
2018-02-09,11.949999809265137,11.949999809265137,10.899999618530273,11.75,2016700.0
2018-02-12,11.800000190734863,12.0,11.350000381469727,11.850000381469727,1042400.0
2018-02-13,11.800000190734863,11.899999618530273,11.524999618530273,11.600000381469727,777300.0
2018-02-14,11.5,12.75,11.449999809265137,12.449999809265137,1994100.0
2018-02-15,12.5,12.75,12.149999618530273,12.649999618530273,1104800.0
2018-02-16,12.649999618530273,12.949999809265137,12.055000305175781,12.199999809265137,1194600.0
2018-02-20,12.100000381469727,13.130000114440918,12.050000190734863,12.600000381469727,1970300.0
2018-02-21,12.75,14.5,12.75,13.850000381469727,3820000.0
2018-02-22,14.0,14.194999694824219,13.550000190734863,14.0,1915000.0
2018-02-23,14.0,14.100000381469727,13.654999732971191,14.050000190734863,962900.0
2018-02-26,14.050000190734863,14.25,13.800000190734863,14.149999618530273,741500.0
2018-02-27,14.050000190734863,15.050000190734863,13.850000381469727,14.25,1195300.0
2018-02-28,14.449999809265137,14.711999893188477,14.0,14.0,1142900.0
2018-03-01,14.100000381469727,14.649999618530273,14.024999618530273,14.399999618530273,981300.0
2018-03-02,14.100000381469727,15.128999710083008,14.100000381469727,14.975000381469727,1216900.0
2018-03-05,14.850000381469727,15.899999618530273,14.850000381469727,15.199999809265137,2124100.0
2018-03-06,15.5,15.508999824523926,14.774999618530273,15.0,1438500.0
2018-03-07,14.850000381469727,15.25,14.800000190734863,15.25,1348100.0
2018-03-08,15.0,16.899999618530273,14.859999656677246,16.450000762939453,2075200.0
2018-03-09,17.100000381469727,17.350000381469727,15.949999809265137,16.549999237060547,2745000.0
2018-03-12,16.549999237060547,16.649999618530273,15.604999542236328,16.450000762939453,1588200.0
2018-03-13,16.549999237060547,16.899999618530273,16.200000762939453,16.799999237060547,1367000.0
2018-03-14,16.799999237060547,16.899999618530273,16.299999237060547,16.75,1097000.0
2018-03-15,16.850000381469727,16.850000381469727,16.100000381469727,16.450000762939453,1138200.0
2018-03-16,16.350000381469727,16.5,16.0,16.200000762939453,2150500.0
2018-03-19,16.25,16.350000381469727,15.720000267028809,15.949999809265137,1098000.0
2018-03-20,15.949999809265137,16.149999618530273,15.850000381469727,16.0,796100.0
2018-03-21,16.049999237060547,16.25,15.75,16.100000381469727,809200.0
2018-03-22,15.850000381469727,16.274999618530273,15.699999809265137,15.75,969400.0
2018-03-23,15.75,15.75,14.850000381469727,14.949999809265137,1536700.0
2018-03-26,15.199999809265137,15.5,14.550000190734863,15.149999618530273,1207200.0
2018-03-27,15.300000190734863,15.524999618530273,14.350000381469727,14.399999618530273,1231300.0
2018-03-28,14.350000381469727,14.899999618530273,13.975000381469727,14.050000190734863,1297900.0
2018-03-29,14.149999618530273,14.399999618530273,13.800000190734863,14.199999809265137,1514600.0
2018-04-02,14.300000190734863,14.350000381469727,13.399999618530273,13.75,1273500.0
2018-04-03,13.75,14.100000381469727,13.399999618530273,13.75,922400.0
2018-04-04,13.550000190734863,14.149999618530273,13.5,14.149999618530273,939400.0
2018-04-05,14.199999809265137,14.399999618530273,13.475000381469727,13.5,1392000.0
2018-04-06,13.350000381469727,13.550000190734863,12.800000190734863,12.949999809265137,1107400.0
2018-04-09,13.199999809265137,13.300000190734863,12.800000190734863,13.100000381469727,1003000.0
2018-04-10,13.199999809265137,13.25,12.800000190734863,13.149999618530273,1419400.0
2018-04-11,13.149999618530273,14.149999618530273,12.850000381469727,14.0,1385600.0
2018-04-12,14.100000381469727,14.600000381469727,13.850000381469727,14.300000190734863,948900.0
2018-04-13,14.300000190734863,14.369999885559082,13.199999809265137,13.399999618530273,1009400.0
2018-04-16,13.550000190734863,13.944999694824219,13.149999618530273,13.149999618530273,557700.0
2018-04-17,13.199999809265137,14.050000190734863,13.199999809265137,14.050000190734863,1152800.0
2018-04-18,14.100000381469727,14.449999809265137,14.050000190734863,14.199999809265137,924400.0
2018-04-19,14.199999809265137,14.899999618530273,14.199999809265137,14.699999809265137,1149500.0
2018-04-20,14.699999809265137,14.800000190734863,14.350000381469727,14.399999618530273,630600.0
2018-04-23,14.350000381469727,14.600000381469727,13.800000190734863,14.050000190734863,768100.0
2018-04-24,14.399999618530273,14.524999618530273,13.899999618530273,14.350000381469727,1123400.0
2018-04-25,14.350000381469727,14.449999809265137,13.800000190734863,14.25,791800.0
2018-04-26,14.350000381469727,14.850000381469727,14.149999618530273,14.800000190734863,937000.0
2018-04-27,14.75,15.050000190734863,14.600000381469727,15.0,673100.0
2018-04-30,15.100000381469727,15.100000381469727,14.310999870300293,14.350000381469727,906100.0
2018-05-01,14.399999618530273,14.675000190734863,14.074999809265137,14.25,759800.0
2018-05-02,14.149999618530273,14.550000190734863,14.0,14.100000381469727,679500.0
2018-05-03,14.100000381469727,14.25,13.350000381469727,13.449999809265137,853000.0
2018-05-04,13.550000190734863,13.600000381469727,13.100000381469727,13.25,1197200.0
2018-05-07,13.399999618530273,13.5,12.949999809265137,13.449999809265137,887600.0
2018-05-08,12.850000381469727,13.300000190734863,11.350000381469727,12.574999809265137,1971100.0
2018-05-09,12.5,13.25,12.25,12.949999809265137,816200.0
2018-05-10,12.949999809265137,13.222999572753906,12.324999809265137,12.5,852600.0
2018-05-11,12.350000381469727,13.199999809265137,12.300000190734863,13.100000381469727,880600.0
2018-05-14,13.199999809265137,14.100000381469727,13.15999984741211,13.800000190734863,1034300.0
2018-05-15,13.75,13.800000190734863,13.550000190734863,13.699999809265137,445200.0
2018-05-16,13.600000381469727,14.0,13.475000381469727,13.949999809265137,611500.0
2018-05-17,14.050000190734863,14.25,13.800000190734863,14.050000190734863,704700.0
2018-05-18,14.100000381469727,14.25,14.0,14.050000190734863,812000.0
2018-05-21,14.050000190734863,14.324999809265137,13.824999809265137,13.899999618530273,663700.0
2018-05-22,13.949999809265137,14.25,13.800000190734863,13.850000381469727,399900.0
2018-05-23,13.75,14.25,13.654999732971191,13.75,464300.0
2018-05-24,13.699999809265137,14.050000190734863,13.699999809265137,13.75,416300.0
2018-05-25,13.800000190734863,14.0,13.5,13.649999618530273,514800.0
2018-05-29,13.649999618530273,13.774999618530273,13.100000381469727,13.25,713800.0
2018-05-30,13.399999618530273,13.800000190734863,13.274999618530273,13.449999809265137,582300.0
2018-05-31,13.449999809265137,13.625,13.100000381469727,13.399999618530273,669800.0
2018-06-01,13.5,13.649999618530273,13.274999618530273,13.449999809265137,850900.0
2018-06-04,13.75,16.0,13.600000381469727,14.899999618530273,2703800.0
2018-06-05,15.0,15.404999732971191,14.699999809265137,14.949999809265137,1642300.0
2018-06-06,15.0,15.25,14.5,14.550000190734863,1081500.0
2018-06-07,14.600000381469727,14.600000381469727,13.800000190734863,13.949999809265137,1106300.0
2018-06-08,13.850000381469727,14.5,13.604999542236328,13.75,1083100.0
2018-06-11,13.899999618530273,14.199999809265137,13.399999618530273,13.600000381469727,1155600.0
2018-06-12,13.649999618530273,13.75,13.399999618530273,13.550000190734863,825100.0
2018-06-13,13.699999809265137,13.75,13.300000190734863,13.5,955000.0
2018-06-14,13.550000190734863,13.850000381469727,13.300000190734863,13.75,1263900.0
2018-06-15,13.75,13.899999618530273,13.199999809265137,13.699999809265137,2163500.0
2018-06-18,13.5,13.800000190734863,13.399999618530273,13.800000190734863,950500.0
2018-06-19,13.699999809265137,14.0,13.5,13.949999809265137,893400.0
2018-06-20,14.100000381469727,14.649999618530273,13.824999809265137,14.600000381469727,1657100.0
2018-06-21,14.649999618530273,14.649999618530273,13.774999618530273,13.850000381469727,2814500.0
2018-06-22,13.850000381469727,13.899999618530273,13.5,13.699999809265137,2122600.0
2018-06-25,13.399999618530273,13.550000190734863,12.600000381469727,12.699999809265137,1557300.0
2018-06-26,12.699999809265137,13.274999618530273,12.600000381469727,13.25,950400.0
2018-06-27,13.25,13.449999809265137,12.800000190734863,12.850000381469727,841000.0
2018-06-28,12.800000190734863,13.399999618530273,12.600000381469727,13.149999618530273,790800.0
2018-06-29,13.199999809265137,13.649999618530273,13.100000381469727,13.149999618530273,871200.0
2018-07-02,13.050000190734863,13.5,12.949999809265137,13.449999809265137,500700.0
2018-07-03,13.550000190734863,13.550000190734863,13.050000190734863,13.25,424800.0
2018-07-05,13.399999618530273,13.800000190734863,13.305000305175781,13.600000381469727,661700.0
2018-07-06,13.550000190734863,14.100000381469727,13.550000190734863,13.949999809265137,680300.0
2018-07-09,14.050000190734863,14.050000190734863,13.449999809265137,14.0,840400.0
2018-07-10,13.899999618530273,13.979999542236328,13.5,13.550000190734863,555400.0
2018-07-11,13.550000190734863,13.704999923706055,13.149999618530273,13.199999809265137,771800.0
2018-07-12,13.350000381469727,13.449999809265137,12.949999809265137,13.399999618530273,994200.0
2018-07-13,13.449999809265137,13.600000381469727,13.100000381469727,13.449999809265137,660700.0
2018-07-16,13.399999618530273,13.413000106811523,12.350000381469727,12.399999618530273,1466400.0
2018-07-17,12.399999618530273,12.550000190734863,11.850000381469727,12.0,1232200.0
2018-07-18,12.050000190734863,12.074999809265137,11.350000381469727,11.449999809265137,2110700.0
2018-07-19,11.25,12.800000190734863,11.149999618530273,12.199999809265137,1956200.0
2018-07-20,12.0,12.449999809265137,11.949999809265137,12.149999618530273,920000.0
2018-07-23,12.100000381469727,12.350000381469727,11.899999618530273,12.0,651600.0
2018-07-24,12.050000190734863,12.225000381469727,11.449999809265137,11.5,971100.0
2018-07-25,11.449999809265137,12.199999809265137,11.399999618530273,12.050000190734863,1093200.0
2018-07-26,11.949999809265137,11.949999809265137,11.5,11.550000190734863,862300.0
2018-07-27,11.649999618530273,11.649999618530273,10.850000381469727,11.0,1370900.0
2018-07-30,11.100000381469727,11.300000190734863,10.75,10.899999618530273,992000.0
2018-07-31,10.899999618530273,11.800000190734863,10.75,11.75,1272200.0
2018-08-01,11.649999618530273,11.949999809265137,11.449999809265137,11.75,1020300.0
2018-08-02,11.649999618530273,11.949999809265137,11.5,11.949999809265137,771100.0
2018-08-03,11.899999618530273,12.005000114440918,11.524999618530273,11.550000190734863,774100.0
2018-08-06,11.5,11.949999809265137,11.255000114440918,11.899999618530273,818500.0
2018-08-07,11.949999809265137,12.199999809265137,11.449999809265137,12.149999618530273,1129400.0
2018-08-08,11.699999809265137,12.25,11.350000381469727,11.5,1169200.0
2018-08-09,11.449999809265137,12.350000381469727,11.425000190734863,11.850000381469727,863000.0
2018-08-10,11.850000381469727,12.350000381469727,11.600000381469727,11.850000381469727,709500.0
2018-08-13,11.850000381469727,11.949999809265137,11.600000381469727,11.699999809265137,798800.0
2018-08-14,11.899999618530273,11.949999809265137,11.449999809265137,11.800000190734863,806500.0
2018-08-15,11.699999809265137,11.75,11.300000190734863,11.5,832500.0
2018-08-16,11.550000190734863,11.600000381469727,11.095000267028809,11.350000381469727,1047100.0
2018-08-17,11.350000381469727,11.75,11.199999809265137,11.550000190734863,1056400.0
2018-08-20,11.800000190734863,11.800000190734863,11.449999809265137,11.5,1090100.0
2018-08-21,11.649999618530273,12.5,11.5,12.149999618530273,1304000.0
2018-08-22,12.149999618530273,12.5,12.100000381469727,12.449999809265137,916000.0
2018-08-23,12.5,12.539999961853027,12.149999618530273,12.300000190734863,862200.0
2018-08-24,12.399999618530273,12.699999809265137,12.300000190734863,12.5,638400.0
2018-08-27,12.399999618530273,12.75,12.324999809265137,12.550000190734863,1032000.0
2018-08-28,12.550000190734863,12.699999809265137,12.350000381469727,12.600000381469727,739200.0
2018-08-29,12.649999618530273,12.75,12.300000190734863,12.550000190734863,887200.0
2018-08-30,12.550000190734863,12.824999809265137,12.449999809265137,12.600000381469727,964900.0
2018-08-31,12.550000190734863,12.899999618530273,12.449999809265137,12.699999809265137,928300.0
2018-09-04,12.699999809265137,12.850000381469727,12.300000190734863,12.399999618530273,991900.0
2018-09-05,12.399999618530273,12.5,12.050000190734863,12.399999618530273,854500.0
2018-09-06,12.350000381469727,12.449999809265137,11.850000381469727,11.899999618530273,1087200.0
2018-09-07,11.850000381469727,12.039999961853027,11.25,11.5,1329500.0
2018-09-10,11.600000381469727,11.800000190734863,11.149999618530273,11.399999618530273,877700.0
2018-09-11,11.399999618530273,11.899999618530273,11.175000190734863,11.899999618530273,797900.0
2018-09-12,11.850000381469727,11.854999542236328,11.0,11.024999618530273,1457000.0
2018-09-13,11.100000381469727,11.25,10.800000190734863,10.949999809265137,1328700.0
2018-09-14,10.949999809265137,11.149999618530273,10.699999809265137,10.75,1166100.0
2018-09-17,11.0,11.0,9.300000190734863,9.5,2621500.0
2018-09-18,9.449999809265137,9.489999771118164,8.649999618530273,9.050000190734863,2327000.0
2018-09-19,9.050000190734863,9.25,8.899999618530273,8.949999809265137,1283200.0
2018-09-20,9.0,9.199999809265137,8.600000381469727,9.050000190734863,1510600.0
2018-09-21,9.0,9.149999618530273,8.699999809265137,9.0,2801500.0
2018-09-24,9.100000381469727,9.300000190734863,8.699999809265137,9.25,1523200.0
2018-09-25,6.599999904632568,6.699999809265137,5.099999904632568,5.150000095367432,13070000.0
2018-09-26,5.25,5.349999904632568,4.949999809265137,5.25,6473800.0
2018-09-27,5.349999904632568,5.75,5.199999809265137,5.699999809265137,3462300.0
2018-09-28,5.75,6.150000095367432,5.449999809265137,5.599999904632568,3506300.0
2018-10-01,5.599999904632568,5.78000020980835,5.409999847412109,5.510000228881836,2224000.0
2018-10-02,5.489999771118164,5.590000152587891,5.369999885559082,5.5,2114200.0
2018-10-03,5.429999828338623,5.539999961853027,5.289999961853027,5.409999847412109,1975700.0
2018-10-04,5.420000076293945,5.480000019073486,5.230000019073486,5.329999923706055,1612000.0
2018-10-05,5.369999885559082,5.474999904632568,5.25,5.420000076293945,1372400.0
2018-10-08,5.349999904632568,5.4029998779296875,5.110000133514404,5.269999980926514,1685600.0
2018-10-09,5.260000228881836,5.900000095367432,5.159999847412109,5.610000133514404,1459300.0
2018-10-10,5.590000152587891,5.690000057220459,5.420000076293945,5.440000057220459,1213600.0
2018-10-11,5.400000095367432,5.559999942779541,5.269999980926514,5.5,1568000.0
2018-10-12,5.639999866485596,6.050000190734863,5.420000076293945,5.579999923706055,1809400.0
2018-10-15,5.590000152587891,5.599999904632568,5.380000114440918,5.5,1071100.0
2018-10-16,5.519999980926514,5.769999980926514,5.480000019073486,5.760000228881836,1129200.0
2018-10-17,5.769999980926514,5.849999904632568,5.626999855041504,5.699999809265137,1006700.0
2018-10-18,5.710000038146973,5.78000020980835,5.5,5.579999923706055,830800.0
2018-10-19,5.599999904632568,5.679999828338623,5.260000228881836,5.369999885559082,1198500.0
2018-10-22,5.360000133514404,5.360000133514404,4.909999847412109,5.110000133514404,1669000.0
2018-10-23,5.050000190734863,5.4039998054504395,4.934999942779541,5.230000019073486,1267300.0
2018-10-24,5.230000019073486,5.300000190734863,4.909999847412109,4.989999771118164,1747200.0
2018-10-25,4.989999771118164,5.090000152587891,4.900000095367432,4.96999979019165,1488500.0
2018-10-26,4.929999828338623,5.010000228881836,4.800000190734863,4.860000133514404,1122100.0
2018-10-29,4.929999828338623,4.960000038146973,4.199999809265137,4.360000133514404,1457200.0
2018-10-30,4.349999904632568,4.630000114440918,4.302999973297119,4.510000228881836,1029900.0
2018-10-31,4.590000152587891,4.739999771118164,4.53000020980835,4.550000190734863,1215600.0
2018-11-01,4.579999923706055,4.960000038146973,4.559999942779541,4.929999828338623,1584500.0
2018-11-02,5.0,5.139999866485596,4.913000106811523,5.070000171661377,1195200.0
2018-11-05,5.099999904632568,5.150000095367432,4.900000095367432,5.090000152587891,1553800.0
2018-11-06,5.039999961853027,5.050000190734863,4.800000190734863,4.960000038146973,1356000.0
2018-11-07,4.900000095367432,5.449999809265137,4.900000095367432,5.409999847412109,1209300.0
2018-11-08,5.400000095367432,5.400000095367432,5.059999942779541,5.230000019073486,1443000.0
2018-11-09,5.449999809265137,5.650000095367432,5.199999809265137,5.539999961853027,1808200.0
2018-11-12,5.570000171661377,5.610000133514404,5.210000038146973,5.360000133514404,1321000.0
2018-11-13,5.380000114440918,5.579999923706055,5.25,5.28000020980835,1164800.0
2018-11-14,5.28000020980835,5.369999885559082,5.039999961853027,5.170000076293945,1172400.0
2018-11-15,5.119999885559082,5.46999979019165,5.099999904632568,5.369999885559082,1274700.0
2018-11-16,5.320000171661377,5.59499979019165,5.230000019073486,5.349999904632568,987400.0
2018-11-19,5.289999961853027,5.340000152587891,4.909999847412109,5.159999847412109,1421100.0
2018-11-20,5.059999942779541,5.159999847412109,4.820000171661377,4.880000114440918,968300.0
2018-11-21,4.929999828338623,5.070000171661377,4.840000152587891,5.010000228881836,1072100.0
2018-11-23,4.96999979019165,5.329999923706055,4.96999979019165,5.019999980926514,564700.0
2018-11-26,5.090000152587891,5.239999771118164,4.945000171661377,5.059999942779541,801400.0
2018-11-27,5.010000228881836,5.065000057220459,4.880000114440918,4.920000076293945,622900.0
2018-11-28,4.980000019073486,5.090000152587891,4.769999980926514,5.079999923706055,1089800.0
2018-11-29,5.03000020980835,5.179999828338623,4.96999979019165,5.0,548600.0
2018-11-30,5.0,5.090000152587891,4.900000095367432,5.039999961853027,803000.0
2018-12-03,5.139999866485596,5.239999771118164,5.059999942779541,5.230000019073486,1188900.0
2018-12-04,5.25,5.449999809265137,4.960000038146973,5.0,1291400.0
2018-12-06,4.989999771118164,5.159999847412109,4.885000228881836,5.039999961853027,1552500.0
2018-12-07,5.019999980926514,5.090000152587891,4.940000057220459,5.0,954000.0
2018-12-10,5.0,5.159999847412109,4.869999885559082,5.119999885559082,1065400.0
2018-12-11,5.170000076293945,5.170000076293945,4.980000019073486,5.039999961853027,494800.0
2018-12-12,5.090000152587891,5.210000038146973,5.050000190734863,5.099999904632568,870100.0
2018-12-13,5.119999885559082,5.119999885559082,4.913000106811523,5.0,1425400.0
2018-12-14,4.980000019073486,5.050000190734863,4.684999942779541,4.75,1031300.0
2018-12-17,4.769999980926514,4.860000133514404,4.420000076293945,4.449999809265137,1820000.0
2018-12-18,4.489999771118164,4.550000190734863,4.050000190734863,4.21999979019165,1769700.0
2018-12-19,4.099999904632568,4.320000171661377,3.7899999618530273,3.869999885559082,1858000.0
2018-12-20,3.890000104904175,3.930000066757202,3.619999885559082,3.740000009536743,1068900.0
2018-12-21,3.740000009536743,3.740000009536743,3.450000047683716,3.4700000286102295,2270800.0
2018-12-24,3.4200000762939453,3.5399999618530273,3.319999933242798,3.440000057220459,911400.0
2018-12-26,3.450000047683716,3.7799999713897705,3.4100000858306885,3.7799999713897705,1690800.0
2018-12-27,3.740000009536743,3.880000114440918,3.5799999237060547,3.759999990463257,1293000.0
2018-12-28,3.7100000381469727,4.111999988555908,3.6700000762939453,3.9800000190734863,1308500.0
2018-12-31,4.019999980926514,4.170000076293945,3.9600000381469727,4.099999904632568,1101300.0
2019-01-02,4.039999961853027,4.309999942779541,3.990000009536743,4.309999942779541,1618500.0
2019-01-03,4.329999923706055,4.46999979019165,4.179999828338623,4.210000038146973,1115600.0
2019-01-04,4.260000228881836,4.614999771118164,4.239999771118164,4.610000133514404,1071100.0
2019-01-07,4.659999847412109,5.019999980926514,4.650000095367432,4.840000152587891,2162600.0
2019-01-08,4.900000095367432,4.980000019073486,4.690000057220459,4.809999942779541,1116800.0
2019-01-09,4.820000171661377,4.980000019073486,4.800000190734863,4.920000076293945,1019500.0
2019-01-10,4.880000114440918,5.0,4.75,4.920000076293945,917800.0
2019-01-11,4.889999866485596,5.03000020980835,4.820000171661377,4.829999923706055,1269400.0
2019-01-14,4.829999923706055,4.920000076293945,4.570000171661377,4.579999923706055,1568400.0
2019-01-15,4.590000152587891,4.670000076293945,4.550000190734863,4.619999885559082,746600.0
2019-01-16,4.639999866485596,4.78000020980835,4.550000190734863,4.619999885559082,645900.0
2019-01-17,4.599999904632568,4.690000057220459,4.375,4.420000076293945,878900.0
2019-01-18,4.420000076293945,4.599999904632568,4.394999980926514,4.519999980926514,1320900.0
2019-01-22,4.909999847412109,5.0,4.295000076293945,4.360000133514404,2324000.0
2019-01-23,4.389999866485596,4.460000038146973,4.0,4.110000133514404,1928300.0
2019-01-24,4.119999885559082,4.210000038146973,4.019999980926514,4.190000057220459,1612000.0
2019-01-25,4.199999809265137,4.449999809265137,4.190000057220459,4.429999828338623,1700500.0
2019-01-28,4.400000095367432,4.414999961853027,4.079999923706055,4.090000152587891,1196500.0
2019-01-29,4.099999904632568,4.210000038146973,3.9600000381469727,4.170000076293945,1726500.0
2019-01-30,4.360000133514404,4.360000133514404,4.139999866485596,4.329999923706055,1654500.0
2019-01-31,4.340000152587891,4.340000152587891,4.0,4.099999904632568,1675500.0
2019-02-01,4.099999904632568,4.099999904632568,3.9100000858306885,4.019999980926514,1323200.0
2019-02-04,4.03000020980835,4.059000015258789,3.9100000858306885,4.019999980926514,1331700.0
2019-02-05,4.03000020980835,4.159999847412109,3.869999885559082,4.039999961853027,1616600.0
2019-02-06,4.079999923706055,4.170000076293945,3.9800000190734863,4.139999866485596,1621100.0
2019-02-07,4.139999866485596,4.190000057220459,4.010000228881836,4.079999923706055,1612400.0
2019-02-08,4.050000190734863,4.25,4.045000076293945,4.21999979019165,1307800.0
2019-02-11,4.21999979019165,4.53000020980835,4.179999828338623,4.519999980926514,1772200.0
2019-02-12,4.559999942779541,4.659999847412109,4.440000057220459,4.53000020980835,1580800.0
2019-02-13,4.539999961853027,4.710000038146973,4.460000038146973,4.599999904632568,1994600.0
2019-02-14,4.590000152587891,4.739999771118164,4.570000171661377,4.699999809265137,1427100.0
2019-02-15,4.710000038146973,4.815000057220459,4.659999847412109,4.760000228881836,1234500.0
2019-02-19,4.789999961853027,4.889999866485596,4.71999979019165,4.800000190734863,1111400.0
2019-02-20,4.809999942779541,4.8420000076293945,4.644000053405762,4.800000190734863,870100.0
2019-02-21,4.769999980926514,4.789999961853027,4.579999923706055,4.650000095367432,1084300.0
2019-02-22,4.679999828338623,4.769999980926514,4.590000152587891,4.769999980926514,1110300.0
2019-02-25,4.820000171661377,4.960000038146973,4.789999961853027,4.960000038146973,1461500.0
2019-02-26,5.0,5.050000190734863,4.849999904632568,4.960000038146973,1041300.0
2019-02-27,4.929999828338623,5.25,4.829999923706055,5.190000057220459,1682900.0
2019-02-28,5.900000095367432,6.920000076293945,5.900000095367432,6.800000190734863,12591100.0
2019-03-01,6.679999828338623,7.239999771118164,6.639999866485596,7.210000038146973,9627500.0
2019-03-04,7.230000019073486,7.539999961853027,6.519999980926514,6.829999923706055,4800200.0
2019-03-05,6.760000228881836,6.949999809265137,6.480000019073486,6.510000228881836,3154700.0
2019-03-06,6.519999980926514,6.659999847412109,6.21999979019165,6.25,2859300.0
2019-03-07,6.25,6.420000076293945,6.039999961853027,6.079999923706055,2111900.0
2019-03-08,6.119999885559082,6.590000152587891,6.113999843597412,6.380000114440918,3088600.0
2019-03-11,6.449999809265137,6.78000020980835,6.25,6.760000228881836,3217900.0
2019-03-12,6.820000171661377,7.014999866485596,6.670000076293945,6.860000133514404,2666800.0
2019-03-13,6.860000133514404,6.980000019073486,6.619999885559082,6.800000190734863,2251800.0
2019-03-14,6.809999942779541,7.079999923706055,6.78000020980835,6.949999809265137,2428900.0
2019-03-15,6.980000019073486,7.070000171661377,6.659999847412109,6.900000095367432,5208200.0
2019-03-18,6.880000114440918,7.46999979019165,6.761000156402588,7.409999847412109,2167500.0
2019-03-19,7.539999961853027,7.570000171661377,7.059999942779541,7.420000076293945,2793000.0
2019-03-20,7.440000057220459,7.789999961853027,7.360000133514404,7.449999809265137,2347000.0
2019-03-21,7.400000095367432,7.605000019073486,7.304999828338623,7.389999866485596,2162600.0
2019-03-22,7.369999885559082,7.449999809265137,6.820000171661377,6.829999923706055,2009300.0
2019-03-25,6.860000133514404,7.110000133514404,6.809999942779541,7.039999961853027,1512400.0
2019-03-26,7.099999904632568,7.349999904632568,7.039999961853027,7.340000152587891,1532000.0
2019-03-27,7.340000152587891,7.380000114440918,7.039999961853027,7.21999979019165,1233100.0
2019-03-28,7.239999771118164,7.570000171661377,7.150000095367432,7.460000038146973,1553700.0
2019-03-29,7.550000190734863,8.850000381469727,7.550000190734863,8.039999961853027,6624900.0
2019-04-01,8.470000267028809,9.300000190734863,8.0600004196167,8.09000015258789,8691100.0
2019-04-02,8.180000305175781,8.300000190734863,7.849999904632568,8.270000457763672,2566200.0
2019-04-03,8.319999694824219,8.649999618530273,8.229999542236328,8.319999694824219,2186800.0
2019-04-04,8.329999923706055,8.524999618530273,8.050000190734863,8.479999542236328,1898700.0
2019-04-05,8.5,8.579999923706055,8.329999923706055,8.470000267028809,1420200.0
2019-04-08,8.40999984741211,8.529999732971191,8.140000343322754,8.380000114440918,1463300.0
2019-04-09,8.399999618530273,8.399999618530273,7.920000076293945,8.0,2384700.0
2019-04-10,8.09000015258789,8.425000190734863,8.050000190734863,8.40999984741211,1397200.0
2019-04-11,8.420000076293945,8.479999542236328,8.039999961853027,8.100000381469727,1124600.0
2019-04-12,8.170000076293945,8.40999984741211,8.020000457763672,8.09000015258789,1452200.0
2019-04-15,8.149999618530273,8.239999771118164,7.579999923706055,7.909999847412109,1692600.0
2019-04-16,7.900000095367432,8.09000015258789,7.789999961853027,8.0,1359600.0
2019-04-17,8.050000190734863,8.5600004196167,7.769999980926514,8.140000343322754,3027400.0
2019-04-18,8.199999809265137,8.199999809265137,7.5,7.829999923706055,2003100.0
2019-04-22,7.75,7.989999771118164,7.699999809265137,7.949999809265137,1307800.0
2019-04-23,7.960000038146973,8.229999542236328,7.769999980926514,8.149999618530273,1750100.0
2019-04-24,8.130000114440918,8.300000190734863,7.900000095367432,8.029999732971191,1360900.0
2019-04-25,8.029999732971191,8.1899995803833,7.869999885559082,8.09000015258789,1279100.0
2019-04-26,8.09000015258789,8.149999618530273,7.940000057220459,8.0,1155800.0
2019-04-29,8.010000228881836,8.0600004196167,7.920000076293945,7.940000057220459,1292300.0
2019-04-30,7.980000019073486,7.980000019073486,7.695000171661377,7.949999809265137,1510400.0
2019-05-01,7.980000019073486,8.069999694824219,7.775000095367432,7.789999961853027,1213800.0
2019-05-02,7.800000190734863,7.96999979019165,7.639999866485596,7.840000152587891,902700.0
2019-05-03,7.889999866485596,8.149999618530273,7.840000152587891,8.140000343322754,1332400.0
2019-05-06,7.949999809265137,8.470000267028809,7.929999828338623,8.449999809265137,1411200.0
2019-05-07,8.399999618530273,8.510000228881836,7.860000133514404,7.96999979019165,1206200.0
2019-05-08,7.960000038146973,8.229999542236328,7.900000095367432,8.180000305175781,1762400.0
2019-05-09,8.109999656677246,8.170000076293945,7.840000152587891,8.109999656677246,1101100.0
2019-05-10,7.900000095367432,8.039999961853027,7.559999942779541,7.559999942779541,1978100.0
2019-05-13,7.480000019073486,7.480000019073486,6.760000228881836,6.849999904632568,2251700.0
2019-05-14,6.949999809265137,6.96999979019165,6.679999828338623,6.820000171661377,2046600.0
2019-05-15,6.699999809265137,7.050000190734863,6.480000019073486,7.019999980926514,1120700.0
2019-05-16,7.050000190734863,7.21999979019165,7.019999980926514,7.099999904632568,1446300.0
2019-05-17,7.010000228881836,7.074999809265137,6.760000228881836,6.920000076293945,1114800.0
2019-05-20,6.820000171661377,6.914999961853027,6.699999809265137,6.75,1009400.0
2019-05-21,6.789999961853027,7.010000228881836,6.739999771118164,7.0,1591300.0
2019-05-22,6.980000019073486,7.059999942779541,6.75,6.900000095367432,1389700.0
2019-05-23,6.769999980926514,7.199999809265137,6.619999885559082,7.119999885559082,2287800.0
2019-05-24,7.0,7.510000228881836,7.0,7.199999809265137,2506900.0
2019-05-28,7.239999771118164,7.349999904632568,6.940000057220459,6.980000019073486,1299700.0
2019-05-29,6.900000095367432,6.954999923706055,6.732999801635742,6.900000095367432,2202200.0
2019-05-30,6.920000076293945,6.920000076293945,6.440000057220459,6.46999979019165,1124600.0
2019-05-31,6.320000171661377,6.539999961853027,6.25,6.269999980926514,1152200.0
2019-06-03,6.260000228881836,6.53000020980835,6.260000228881836,6.489999771118164,1179600.0
2019-06-04,6.599999904632568,6.760000228881836,6.389999866485596,6.760000228881836,1107100.0
2019-06-05,6.829999923706055,7.170000076293945,6.670000076293945,7.090000152587891,2550800.0
2019-06-06,7.079999923706055,7.119999885559082,6.820000171661377,7.050000190734863,1451800.0
2019-06-07,7.039999961853027,7.519999980926514,7.010000228881836,7.460000038146973,1861600.0
2019-06-10,7.519999980926514,7.599999904632568,7.159999847412109,7.170000076293945,780000.0
2019-06-11,7.340000152587891,7.3420000076293945,6.96999979019165,7.139999866485596,1099700.0
2019-06-12,7.130000114440918,7.203999996185303,6.860000133514404,6.900000095367432,708800.0
2019-06-13,6.929999828338623,7.119999885559082,6.889999866485596,7.119999885559082,1053100.0
2019-06-14,7.079999923706055,7.320000171661377,6.96999979019165,7.260000228881836,1071000.0
2019-06-17,7.349999904632568,7.659999847412109,7.25,7.460000038146973,1894900.0
2019-06-18,7.460000038146973,7.869999885559082,7.449999809265137,7.769999980926514,1213500.0
2019-06-19,7.75,7.760000228881836,7.5,7.679999828338623,1374100.0
2019-06-20,7.78000020980835,7.820000171661377,7.309999942779541,7.360000133514404,990700.0
2019-06-21,7.369999885559082,7.420000076293945,6.980000019073486,7.25,3687200.0
2019-06-24,7.25,7.460000038146973,6.920000076293945,6.929999828338623,1195900.0
2019-06-25,7.0,7.079999923706055,6.820000171661377,6.829999923706055,788600.0
2019-06-26,6.909999847412109,7.125,6.809999942779541,6.980000019073486,1317600.0
2019-06-27,7.150000095367432,8.020000457763672,7.150000095367432,7.980000019073486,2878000.0
2019-06-28,7.920000076293945,8.779999732971191,7.769999980926514,8.649999618530273,5556500.0
2019-07-01,8.850000381469727,9.380000114440918,8.369999885559082,8.930000305175781,3230500.0
2019-07-02,9.0600004196167,9.100000381469727,8.430000305175781,8.760000228881836,1809600.0
2019-07-03,8.800000190734863,8.989999771118164,8.699999809265137,8.989999771118164,754500.0
2019-07-05,8.920000076293945,9.050000190734863,8.53499984741211,8.569999694824219,1381900.0
2019-07-08,8.529999732971191,8.710000038146973,8.289999961853027,8.289999961853027,1808600.0
2019-07-09,8.270000457763672,8.40999984741211,8.09000015258789,8.229999542236328,2008300.0
2019-07-10,8.260000228881836,8.260000228881836,7.78000020980835,8.149999618530273,1370500.0
2019-07-11,8.15999984741211,8.15999984741211,7.869999885559082,7.960000038146973,960500.0
2019-07-12,7.96999979019165,8.170000076293945,7.84499979019165,8.0,939600.0
2019-07-15,8.010000228881836,8.015000343322754,7.71999979019165,7.929999828338623,783500.0
2019-07-16,7.900000095367432,8.010000228881836,7.769999980926514,7.880000114440918,743100.0
2019-07-17,7.949999809265137,7.949999809265137,7.670000076293945,7.800000190734863,850600.0
2019-07-18,7.800000190734863,7.989999771118164,7.669000148773193,7.96999979019165,979400.0
2019-07-19,7.96999979019165,7.980000019073486,7.739999771118164,7.739999771118164,972400.0
2019-07-22,7.800000190734863,7.800000190734863,7.389999866485596,7.579999923706055,951800.0
2019-07-23,7.619999885559082,7.760000228881836,7.480000019073486,7.559999942779541,832800.0
2019-07-24,7.519999980926514,7.664999961853027,7.420000076293945,7.650000095367432,687300.0
2019-07-25,7.639999866485596,7.639999866485596,7.019999980926514,7.050000190734863,1594900.0
2019-07-26,7.079999923706055,7.349999904632568,7.070000171661377,7.329999923706055,815300.0
2019-07-29,7.329999923706055,7.440000057220459,7.119999885559082,7.400000095367432,683400.0
2019-07-30,7.329999923706055,7.639999866485596,7.25,7.630000114440918,786500.0
2019-07-31,7.630000114440918,7.980000019073486,7.46999979019165,7.489999771118164,1056800.0
2019-08-01,7.53000020980835,7.650000095367432,7.25,7.329999923706055,967300.0
2019-08-02,7.260000228881836,7.400000095367432,7.019999980926514,7.079999923706055,989400.0
2019-08-05,6.949999809265137,6.9679999351501465,6.440000057220459,6.510000228881836,1952600.0
2019-08-06,6.610000133514404,6.739999771118164,6.239999771118164,6.659999847412109,1210200.0
2019-08-07,6.650000095367432,6.724999904632568,6.329999923706055,6.650000095367432,860300.0
2019-08-08,6.679999828338623,6.909999847412109,6.670000076293945,6.900000095367432,1051900.0
2019-08-09,6.800000190734863,7.244999885559082,6.75,7.190000057220459,1175700.0
2019-08-12,7.090000152587891,7.5,7.03000020980835,7.130000114440918,1266400.0
2019-08-13,7.070000171661377,7.409999847412109,7.059999942779541,7.190000057220459,643500.0
2019-08-14,7.099999904632568,7.199999809265137,6.869999885559082,6.909999847412109,1056200.0
2019-08-15,6.909999847412109,6.909999847412109,6.550000190734863,6.550000190734863,961400.0
2019-08-16,6.599999904632568,6.909999847412109,6.559999942779541,6.840000152587891,919100.0
2019-08-19,6.940000057220459,6.960000038146973,6.78000020980835,6.840000152587891,952300.0
2019-08-20,6.820000171661377,6.820000171661377,6.619999885559082,6.679999828338623,711400.0
2019-08-21,6.760000228881836,6.869999885559082,6.639999866485596,6.760000228881836,925000.0
2019-08-22,6.730000019073486,6.789999961853027,6.28000020980835,6.289999961853027,1930600.0
2019-08-23,6.25,6.349999904632568,5.920000076293945,6.010000228881836,1286300.0
2019-08-26,6.079999923706055,6.190000057220459,5.889999866485596,6.179999828338623,904500.0
2019-08-27,6.190000057220459,6.369999885559082,5.860000133514404,5.920000076293945,884800.0
2019-08-28,5.900000095367432,6.139999866485596,5.820000171661377,6.070000171661377,674900.0
2019-08-29,6.090000152587891,6.429999828338623,6.050000190734863,6.400000095367432,859100.0
2019-08-30,6.440000057220459,6.498000144958496,6.03000020980835,6.210000038146973,823300.0
2019-09-03,6.130000114440918,6.28000020980835,5.909999847412109,6.150000095367432,1729800.0
2019-09-04,6.230000019073486,6.300000190734863,5.980000019073486,6.170000076293945,1196900.0
2019-09-05,6.230000019073486,6.644999980926514,6.177999973297119,6.559999942779541,1225400.0
2019-09-06,6.559999942779541,6.630000114440918,6.28000020980835,6.320000171661377,935100.0
2019-09-09,6.380000114440918,6.519999980926514,6.218999862670898,6.429999828338623,761700.0
2019-09-10,6.480000019073486,6.989999771118164,6.320000171661377,6.96999979019165,1216800.0
2019-09-11,6.920000076293945,7.130000114440918,6.900000095367432,7.019999980926514,904000.0
2019-09-12,7.210000038146973,7.210000038146973,6.690000057220459,6.789999961853027,1030000.0
2019-09-13,6.800000190734863,6.840000152587891,6.46999979019165,6.46999979019165,1059400.0
2019-09-16,6.460000038146973,6.610000133514404,6.309999942779541,6.579999923706055,885300.0
2019-09-17,6.559999942779541,6.664999961853027,6.429999828338623,6.46999979019165,596000.0
2019-09-18,6.440000057220459,6.539999961853027,6.329999923706055,6.420000076293945,1187900.0
2019-09-19,6.429999828338623,6.570000171661377,6.329999923706055,6.400000095367432,751300.0
2019-09-20,6.400000095367432,6.480000019073486,6.019999980926514,6.039999961853027,4248600.0
2019-09-23,6.0,6.110000133514404,5.809999942779541,6.019999980926514,831100.0
2019-09-24,6.059999942779541,6.150000095367432,5.7220001220703125,5.809999942779541,1389800.0
2019-09-25,5.849999904632568,6.010000228881836,5.679999828338623,5.730000019073486,1032500.0
2019-09-26,5.730000019073486,5.809999942779541,5.364999771118164,5.380000114440918,1337100.0
2019-09-27,5.409999847412109,5.989999771118164,5.349999904632568,5.650000095367432,1275000.0
2019-09-30,5.679999828338623,5.760000228881836,5.53000020980835,5.614999771118164,1027400.0
2019-10-01,5.639999866485596,5.809999942779541,5.160999774932861,5.210000038146973,1466000.0
2019-10-02,5.179999828338623,5.320000171661377,4.949999809265137,5.15500020980835,1678600.0
2019-10-03,5.170000076293945,5.449999809265137,5.070000171661377,5.349999904632568,1181000.0
2019-10-04,5.349999904632568,5.409999847412109,5.119999885559082,5.289999961853027,724200.0
2019-10-07,5.300000190734863,5.360000133514404,5.170000076293945,5.210000038146973,637100.0
2019-10-08,5.119999885559082,5.210000038146973,4.949999809265137,5.099999904632568,764900.0
2019-10-09,5.139999866485596,5.21999979019165,5.090000152587891,5.139999866485596,598500.0
2019-10-10,5.139999866485596,5.269999980926514,5.010000228881836,5.179999828338623,900800.0
2019-10-11,5.260000228881836,5.329999923706055,5.190000057220459,5.199999809265137,740000.0
2019-10-14,5.210000038146973,5.340000152587891,5.099999904632568,5.210000038146973,611200.0
2019-10-15,5.210000038146973,5.53000020980835,5.150000095367432,5.349999904632568,885100.0
2019-10-16,5.349999904632568,5.389999866485596,5.239999771118164,5.360000133514404,938100.0
2019-10-17,5.389999866485596,5.619999885559082,5.324999809265137,5.590000152587891,898400.0
2019-10-18,5.519999980926514,5.590000152587891,5.260000228881836,5.460000038146973,1457500.0
2019-10-21,5.550000190734863,5.599999904632568,5.40500020980835,5.519999980926514,860400.0
2019-10-22,5.53000020980835,5.639999866485596,5.380000114440918,5.559999942779541,662600.0
2019-10-23,5.53000020980835,5.679999828338623,5.489999771118164,5.639999866485596,970000.0
2019-10-24,5.809999942779541,5.96999979019165,5.625,5.730000019073486,1403600.0
2019-10-25,5.699999809265137,5.880000114440918,5.690000057220459,5.78000020980835,830800.0
2019-10-28,5.900000095367432,6.920000076293945,5.900000095367432,6.800000190734863,2542800.0
2019-10-29,6.800000190734863,7.109000205993652,6.710000038146973,6.96999979019165,2019900.0
2019-10-30,6.940000057220459,7.239999771118164,6.769999980926514,6.829999923706055,1260200.0
2019-10-31,6.849999904632568,6.889999866485596,6.539999961853027,6.829999923706055,1397200.0
2019-11-01,6.889999866485596,7.179999828338623,6.820000171661377,7.079999923706055,1207000.0
2019-11-04,7.079999923706055,7.5,7.050000190734863,7.400000095367432,1273900.0
2019-11-05,7.360000133514404,7.53000020980835,7.21999979019165,7.425000190734863,1391000.0
2019-11-06,7.28000020980835,7.739999771118164,7.190000057220459,7.635000228881836,1604600.0
2019-11-07,7.670000076293945,7.920000076293945,7.559999942779541,7.809999942779541,1343700.0
2019-11-08,7.809999942779541,8.319999694824219,7.639999866485596,8.170000076293945,1869600.0
2019-11-11,8.119999885559082,8.199999809265137,7.78000020980835,7.789999961853027,2586700.0
2019-11-12,7.550000190734863,7.909999847412109,7.309999942779541,7.570000171661377,1387500.0
2019-11-13,7.539999961853027,8.100000381469727,7.53000020980835,7.900000095367432,1150200.0
2019-11-14,7.900000095367432,8.050000190734863,7.7870001792907715,7.974999904632568,1215600.0
2019-11-15,8.069999694824219,8.300000190734863,7.909999847412109,8.0,1160000.0
2019-11-18,8.039999961853027,8.0600004196167,7.78000020980835,7.934999942779541,1533600.0
2019-11-19,7.960000038146973,8.319999694824219,7.855000019073486,7.929999828338623,2109600.0
2019-11-20,7.920000076293945,8.0600004196167,7.639999866485596,7.800000190734863,1428800.0
2019-11-21,7.829999923706055,7.889999866485596,7.619999885559082,7.835000038146973,892000.0
2019-11-22,7.900000095367432,7.960000038146973,7.630000114440918,7.650000095367432,1175500.0
2019-11-25,7.659999847412109,7.829999923706055,7.465000152587891,7.5,1546700.0
2019-11-26,7.480000019073486,7.639999866485596,7.329999923706055,7.570000171661377,1980200.0
2019-11-27,7.699999809265137,8.100000381469727,7.590000152587891,7.809999942779541,5166600.0
2019-11-29,7.769999980926514,8.529999732971191,7.769999980926514,8.1899995803833,1985800.0
2019-12-02,8.210000038146973,8.479999542236328,7.829999923706055,7.840000152587891,2040900.0
2019-12-03,7.760000228881836,7.909999847412109,7.650000095367432,7.809999942779541,1428500.0
2019-12-04,7.869999885559082,8.199999809265137,7.769999980926514,8.199999809265137,1019200.0
2019-12-05,8.289999961853027,8.380000114440918,7.630000114440918,7.679999828338623,1758200.0
2019-12-06,7.78000020980835,8.0,7.039999961853027,7.119999885559082,4931300.0
2019-12-09,8.050000190734863,9.729999542236328,7.960000038146973,9.279999732971191,9563300.0
2019-12-10,9.180000305175781,9.779999732971191,9.069999694824219,9.420000076293945,4970100.0
2019-12-11,9.40999984741211,9.40999984741211,8.84000015258789,8.9399995803833,1914400.0
2019-12-12,8.760000228881836,9.550000190734863,8.760000228881836,9.395000457763672,2335600.0
2019-12-13,9.5,10.78499984741211,9.5,10.100000381469727,4931800.0
2019-12-16,10.300000190734863,10.520000457763672,9.890000343322754,10.109999656677246,2365200.0
2019-12-17,10.210000038146973,10.5600004196167,10.109999656677246,10.170000076293945,1531200.0
2019-12-18,10.170000076293945,10.25,9.8100004196167,9.9399995803833,1457400.0
2019-12-19,9.979999542236328,9.979999542236328,9.649999618530273,9.850000381469727,1081300.0
2019-12-20,9.850000381469727,10.145000457763672,9.744999885559082,10.109999656677246,2608400.0
2019-12-23,10.130000114440918,11.1899995803833,9.8100004196167,11.010000228881836,3471400.0
2019-12-24,11.0,11.220000267028809,10.319999694824219,11.199999809265137,1349400.0
2019-12-26,11.149999618530273,11.229999542236328,10.869999885559082,11.130000114440918,1279400.0
2019-12-27,11.279999732971191,11.420000076293945,10.623000144958496,10.880000114440918,1570700.0
2019-12-30,10.869999885559082,10.989999771118164,10.34000015258789,10.850000381469727,1266400.0
2019-12-31,10.819999694824219,11.279999732971191,10.710000038146973,11.100000381469727,1002300.0
2020-01-02,11.109999656677246,11.140000343322754,10.550000190734863,10.930000305175781,1943400.0
2020-01-03,10.819999694824219,10.895999908447266,10.479999542236328,10.829999923706055,1888900.0
2020-01-06,10.770000457763672,11.100000381469727,10.529999732971191,11.039999961853027,1083100.0
2020-01-07,11.039999961853027,11.699999809265137,10.961000442504883,11.640000343322754,2068900.0
2020-01-08,11.569999694824219,12.229999542236328,11.140000343322754,12.180000305175781,2969800.0
2020-01-09,12.270000457763672,13.045000076293945,12.199999809265137,13.029999732971191,2934600.0
2020-01-10,13.0,13.8100004196167,12.899999618530273,13.180000305175781,4039400.0
2020-01-13,13.5,13.600000381469727,12.720000267028809,13.100000381469727,2650300.0
2020-01-14,13.109999656677246,13.84000015258789,13.069999694824219,13.699999809265137,2782200.0
2020-01-15,13.630000114440918,14.1899995803833,13.5600004196167,14.100000381469727,2565400.0
2020-01-16,14.5,14.600000381469727,13.213000297546387,14.029999732971191,4139300.0
2020-01-17,14.529999732971191,14.890000343322754,13.609999656677246,13.699999809265137,2988300.0
2020-01-21,13.699999809265137,14.399999618530273,13.5,14.0,2254700.0
2020-01-22,14.050000190734863,14.229999542236328,13.399999618530273,13.484999656677246,2268700.0
2020-01-23,13.34000015258789,13.670000076293945,12.949999809265137,13.550000190734863,2403900.0
2020-01-24,13.550000190734863,13.800000190734863,13.460000038146973,13.5,2025400.0
2020-01-27,13.050000190734863,13.510000228881836,12.720000267028809,13.15999984741211,1484000.0
2020-01-28,13.329999923706055,14.270000457763672,13.25,14.140000343322754,1981000.0
2020-01-29,14.25,14.609999656677246,14.229999542236328,14.520000457763672,1604600.0
2020-01-30,14.40999984741211,14.600000381469727,13.75,14.25,2142800.0
2020-01-31,14.199999809265137,14.34000015258789,13.850000381469727,14.210000038146973,1191100.0
2020-02-03,14.359999656677246,14.819999694824219,14.140000343322754,14.8100004196167,1721900.0
2020-02-04,15.0,15.489999771118164,14.869999885559082,15.175000190734863,1658700.0
2020-02-05,15.109999656677246,15.479999542236328,15.079999923706055,15.470000267028809,1538900.0
2020-02-06,15.5,15.869999885559082,15.270000457763672,15.829999923706055,1394500.0
2020-02-07,15.880000114440918,15.930000305175781,15.050000190734863,15.239999771118164,1896000.0
2020-02-10,15.229999542236328,15.96500015258789,15.140000343322754,15.800000190734863,1177900.0
2020-02-11,15.890000343322754,16.049999237060547,15.510000228881836,15.710000038146973,934300.0
2020-02-12,15.770000457763672,15.850000381469727,15.300000190734863,15.520000457763672,1109700.0
2020-02-13,15.510000228881836,15.6899995803833,15.170000076293945,15.1899995803833,1269600.0
2020-02-14,15.979999542236328,16.200000762939453,15.255000114440918,15.779999732971191,1895900.0
2020-02-18,16.110000610351562,16.219999313354492,15.819999694824219,15.859999656677246,1867900.0
2020-02-19,15.970000267028809,16.200000762939453,15.670000076293945,15.989999771118164,1565000.0
2020-02-20,15.979999542236328,16.1200008392334,15.460000038146973,15.819999694824219,1400600.0
2020-02-21,15.770000457763672,15.770000457763672,15.270000457763672,15.619999885559082,1821500.0
2020-02-24,15.0,15.539999961853027,14.029999732971191,15.25,2000300.0
2020-02-25,15.390000343322754,15.470000267028809,14.029999732971191,14.164999961853027,2352700.0
2020-02-26,13.920000076293945,14.5,13.40999984741211,13.869999885559082,1892400.0
2020-02-27,13.229999542236328,13.369999885559082,12.359999656677246,12.399999618530273,2714400.0
2020-02-28,12.0,12.800000190734863,11.289999961853027,12.550000190734863,2451700.0
2020-03-02,12.850000381469727,14.050000190734863,12.274999618530273,14.0,2560500.0
2020-03-03,13.75,14.4399995803833,13.09000015258789,13.520000457763672,2527300.0
2020-03-04,13.899999618530273,14.079999923706055,12.8100004196167,13.420000076293945,2361500.0
2020-03-05,12.920000076293945,13.619999885559082,12.902000427246094,13.050000190734863,1797200.0
2020-03-06,12.489999771118164,12.819999694824219,11.71500015258789,12.100000381469727,1896900.0
2020-03-09,10.4399995803833,11.890000343322754,10.199999809265137,10.270000457763672,2326000.0
2020-03-10,11.199999809265137,11.229999542236328,9.859999656677246,11.130000114440918,2153900.0
2020-03-11,10.699999809265137,10.899999618530273,9.390999794006348,10.010000228881836,2928500.0
2020-03-12,8.699999809265137,9.4399995803833,8.140000343322754,8.180000305175781,3540400.0
2020-03-13,8.8100004196167,8.949999809265137,7.349999904632568,8.90999984741211,3658900.0
2020-03-16,7.579999923706055,7.960000038146973,7.0,7.179999828338623,2822700.0
2020-03-17,7.329999923706055,8.350000381469727,7.119999885559082,7.659999847412109,2395500.0
2020-03-18,7.119999885559082,7.449999809265137,6.340000152587891,7.139999866485596,2090000.0
2020-03-19,7.050000190734863,7.960000038146973,6.769999980926514,7.539999961853027,2137400.0
2020-03-20,7.630000114440918,8.279999732971191,7.119999885559082,7.639999866485596,2598300.0
2020-03-23,7.690000057220459,8.319999694824219,7.28000020980835,8.100000381469727,1950900.0
2020-03-24,8.59000015258789,10.300000190734863,8.319999694824219,10.220000267028809,2974700.0
2020-03-25,10.220000267028809,10.579999923706055,9.8100004196167,9.949999809265137,2313400.0
2020-03-26,9.90999984741211,11.6899995803833,9.90999984741211,10.739999771118164,2087600.0
2020-03-27,10.25,10.630000114440918,9.819999694824219,9.829999923706055,1905400.0
2020-03-30,9.859999656677246,10.350000381469727,9.824000358581543,10.319999694824219,1601300.0
2020-03-31,10.239999771118164,10.329999923706055,9.494999885559082,9.84000015258789,1534500.0
2020-04-01,9.460000038146973,9.600000381469727,8.800000190734863,8.899999618530273,1639000.0
2020-04-02,8.899999618530273,9.539999961853027,8.75,9.430000305175781,1084800.0
2020-04-03,9.359999656677246,9.54800033569336,8.819999694824219,8.949999809265137,829900.0
2020-04-06,9.489999771118164,9.829999923706055,9.279999732971191,9.5600004196167,1260000.0
2020-04-07,10.0,10.199999809265137,9.6899995803833,9.770000457763672,1536000.0
2020-04-08,9.949999809265137,10.289999961853027,9.789999961853027,10.100000381469727,960700.0
2020-04-09,10.350000381469727,10.5600004196167,10.0,10.479999542236328,1562100.0
2020-04-13,10.479999542236328,10.479999542236328,9.579999923706055,9.9399995803833,1562600.0
2020-04-14,10.239999771118164,10.5,9.970000267028809,10.420000076293945,1280000.0
2020-04-15,10.0600004196167,10.539999961853027,9.880000114440918,10.319999694824219,910000.0
2020-04-16,10.430000305175781,10.470000267028809,9.944999694824219,10.460000038146973,996900.0
2020-04-17,10.850000381469727,11.760000228881836,10.649999618530273,11.720000267028809,1658400.0
2020-04-20,11.444000244140625,13.510000228881836,11.444000244140625,12.850000381469727,3556800.0
2020-04-21,12.529999732971191,13.079999923706055,12.0,12.229999542236328,1780400.0
2020-04-22,12.5600004196167,12.949999809265137,12.210000038146973,12.609999656677246,1482000.0
2020-04-23,12.630000114440918,13.350000381469727,12.479999542236328,12.510000228881836,1396700.0
2020-04-24,12.569999694824219,13.800000190734863,12.5600004196167,13.6899995803833,2707900.0
2020-04-27,13.84000015258789,13.86299991607666,12.65999984741211,12.6899995803833,1880000.0
2020-04-28,13.029999732971191,13.079999923706055,11.9399995803833,11.989999771118164,1661700.0
2020-04-29,12.319999694824219,12.34000015258789,11.680000305175781,11.920000076293945,1433500.0
2020-04-30,11.75,12.569999694824219,11.53499984741211,11.760000228881836,1969000.0
2020-05-01,11.569999694824219,11.800000190734863,10.829999923706055,11.260000228881836,1535100.0
2020-05-04,11.0600004196167,12.470000267028809,11.020000457763672,12.460000038146973,1269300.0
2020-05-05,16.010000228881836,16.979999542236328,14.600000381469727,16.690000534057617,14879400.0
2020-05-06,17.56999969482422,19.700000762939453,17.049999237060547,19.18000030517578,7426100.0
2020-05-07,18.937000274658203,19.204999923706055,17.6200008392334,18.639999389648438,3197800.0
2020-05-08,18.579999923706055,19.239999771118164,18.149999618530273,18.81999969482422,2307000.0
2020-05-11,18.5,20.68000030517578,18.219999313354492,20.219999313354492,2489200.0
2020-05-12,20.110000610351562,21.59000015258789,19.670000076293945,19.934999465942383,3471000.0
2020-05-13,20.149999618530273,21.209999084472656,19.229999542236328,20.6299991607666,2432800.0
2020-05-14,20.299999237060547,20.520000457763672,19.461999893188477,19.93000030517578,1461200.0
2020-05-15,18.790000915527344,19.969999313354492,18.600000381469727,19.299999237060547,7065900.0
2020-05-18,20.200000762939453,20.799999237060547,19.698999404907227,19.8799991607666,3629800.0
2020-05-19,19.899999618530273,20.079999923706055,18.790000915527344,18.799999237060547,1740600.0
2020-05-20,19.43000030517578,20.889999389648438,19.020000457763672,20.829999923706055,2310900.0
2020-05-21,21.0,21.149999618530273,20.21500015258789,20.989999771118164,1450100.0
2020-05-22,20.940000534057617,21.889999389648438,20.559999465942383,21.84000015258789,1420900.0
2020-05-26,22.170000076293945,22.280000686645508,20.100000381469727,20.40999984741211,2228300.0
2020-05-27,20.420000076293945,20.6200008392334,19.719999313354492,20.530000686645508,2127100.0
2020-05-28,20.389999389648438,20.989999771118164,19.639999389648438,19.739999771118164,1471600.0
2020-05-29,19.81999969482422,19.989999771118164,18.25,18.649999618530273,2930500.0
2020-06-01,18.889999389648438,19.139999389648438,18.170000076293945,18.389999389648438,1944500.0
2020-06-02,18.538000106811523,18.850000381469727,17.799999237060547,18.729999542236328,1973000.0
2020-06-03,18.600000381469727,18.68000030517578,17.15999984741211,17.8799991607666,2542500.0
2020-06-04,17.649999618530273,18.209999084472656,17.299999237060547,17.59000015258789,1422600.0
2020-06-05,18.792999267578125,19.530000686645508,18.06999969482422,18.280000686645508,2943600.0
2020-06-08,18.350000381469727,18.68000030517578,17.799999237060547,17.920000076293945,1880800.0
2020-06-09,17.860000610351562,18.770000457763672,17.860000610351562,18.229999542236328,1413000.0
2020-06-10,18.420000076293945,18.65999984741211,17.56999969482422,17.690000534057617,1515700.0
2020-06-11,17.209999084472656,17.670000076293945,16.75,16.799999237060547,2142500.0
2020-06-12,17.229999542236328,17.56999969482422,16.559999465942383,17.190000534057617,1846200.0
2020-06-15,17.0,18.200000762939453,16.8700008392334,18.190000534057617,1919800.0
2020-06-16,18.690000534057617,18.84000015258789,17.743999481201172,18.190000534057617,1438500.0
2020-06-17,18.299999237060547,18.59000015258789,17.969999313354492,18.09000015258789,907700.0
2020-06-18,18.0,19.31999969482422,17.90999984741211,18.81999969482422,1049900.0
2020-06-19,19.049999237060547,19.3700008392334,18.579999923706055,18.6200008392334,3301500.0
2020-06-22,18.780000686645508,20.34000015258789,18.190000534057617,19.84000015258789,1988800.0
2020-06-23,20.0,20.229999542236328,19.30500030517578,19.3799991607666,1347800.0
2020-06-24,19.09000015258789,19.579999923706055,17.729999542236328,18.219999313354492,1910100.0
2020-06-25,18.1200008392334,19.270000457763672,17.809999465942383,19.020000457763672,1829000.0
2020-06-26,19.06999969482422,19.540000915527344,18.3700008392334,18.469999313354492,2839500.0
2020-06-29,18.469999313354492,19.040000915527344,18.030000686645508,18.579999923706055,1251000.0
2020-06-30,18.420000076293945,19.540000915527344,18.200000762939453,19.479999542236328,1371000.0
2020-07-01,19.270000457763672,20.399999618530273,19.079999923706055,20.309999465942383,1577600.0
2020-07-02,20.43000030517578,20.760000228881836,19.75,20.09000015258789,1645500.0
2020-07-06,20.81999969482422,20.899999618530273,20.15999984741211,20.450000762939453,1243100.0
2020-07-07,20.200000762939453,22.7810001373291,20.040000915527344,22.6200008392334,3198800.0
2020-07-08,22.75,24.530000686645508,22.510000228881836,23.860000610351562,3631000.0
2020-07-09,23.90999984741211,24.760000228881836,23.584999084472656,24.149999618530273,1986800.0
2020-07-10,24.149999618530273,24.5,23.639999389648438,23.760000228881836,1815500.0
2020-07-13,23.81999969482422,23.940000534057617,21.253000259399414,21.780000686645508,2369200.0
2020-07-14,21.209999084472656,22.860000610351562,20.770000457763672,22.670000076293945,1576900.0
2020-07-15,23.100000381469727,23.200000762939453,22.079999923706055,22.670000076293945,893200.0
2020-07-16,22.399999618530273,22.540000915527344,21.81999969482422,22.209999084472656,967000.0
2020-07-17,22.260000228881836,23.29800033569336,22.100000381469727,23.0,1931600.0
2020-07-20,23.170000076293945,23.459999084472656,22.635000228881836,22.829999923706055,1163200.0
2020-07-21,23.0,23.06999969482422,22.1299991607666,22.25,1098400.0
2020-07-22,22.25,22.858999252319336,22.010000228881836,22.299999237060547,760700.0
2020-07-23,22.420000076293945,22.690000534057617,21.219999313354492,21.59000015258789,1117100.0
2020-07-24,21.350000381469727,21.40999984741211,20.70800018310547,21.06999969482422,972100.0
2020-07-27,21.079999923706055,21.6200008392334,20.899999618530273,21.09000015258789,1267900.0
2020-07-28,20.969999313354492,21.1200008392334,20.190000534057617,20.729999542236328,1538000.0
2020-07-29,20.75,20.950000762939453,18.84000015258789,19.290000915527344,2510600.0
2020-07-30,19.15999984741211,20.610000610351562,19.15999984741211,20.0,1370500.0
2020-07-31,20.049999237060547,20.170000076293945,18.649999618530273,19.579999923706055,1730200.0
2020-08-03,19.700000762939453,20.959999084472656,19.514999389648438,20.809999465942383,1551900.0
2020-08-04,20.600000381469727,20.639999389648438,19.809999465942383,20.389999389648438,974800.0
2020-08-05,20.670000076293945,20.979999542236328,20.40999984741211,20.770000457763672,1029400.0
2020-08-06,20.8700008392334,21.200000762939453,20.239999771118164,20.799999237060547,1069600.0
2020-08-07,20.670000076293945,21.540000915527344,20.6200008392334,21.0,1117400.0
2020-08-10,20.610000610351562,20.7549991607666,18.450000762939453,18.68000030517578,3319400.0
2020-08-11,18.920000076293945,19.290000915527344,17.81999969482422,18.485000610351562,1702300.0
2020-08-12,18.5,19.079999923706055,17.670000076293945,19.049999237060547,2050000.0
2020-08-13,19.049999237060547,20.389999389648438,18.899999618530273,20.3799991607666,1687300.0
2020-08-14,20.420000076293945,21.59000015258789,20.201000213623047,21.549999237060547,1456000.0
2020-08-17,21.799999237060547,22.829999923706055,21.639999389648438,22.770000457763672,1740300.0
2020-08-18,22.950000762939453,23.049999237060547,22.06999969482422,22.670000076293945,1267700.0
2020-08-19,22.56999969482422,23.969999313354492,22.485000610351562,23.549999237060547,1357000.0
2020-08-20,23.549999237060547,23.885000228881836,22.861000061035156,23.81999969482422,1146600.0
2020-08-21,23.610000610351562,24.299999237060547,23.139999389648438,23.56999969482422,1176300.0
2020-08-24,23.75,23.899999618530273,23.010000228881836,23.1200008392334,1955300.0
2020-08-25,23.15999984741211,23.899999618530273,22.770000457763672,23.799999237060547,943400.0
2020-08-26,23.81999969482422,24.049999237060547,23.639999389648438,23.844999313354492,835900.0
2020-08-27,24.0,24.389999389648438,23.6299991607666,24.280000686645508,1226600.0
2020-08-28,24.34000015258789,24.940000534057617,24.209999084472656,24.5,1209400.0
2020-08-31,24.729999542236328,25.020000457763672,24.030000686645508,24.80500030517578,1637100.0
2020-09-01,25.100000381469727,26.100000381469727,25.100000381469727,25.860000610351562,1965000.0
2020-09-02,26.020000457763672,27.6200008392334,24.81999969482422,27.239999771118164,2093000.0
2020-09-03,26.850000381469727,27.600000381469727,25.149999618530273,25.489999771118164,1451200.0
2020-09-04,25.420000076293945,25.739999771118164,22.049999237060547,23.809999465942383,2492800.0
2020-09-08,23.1299991607666,24.84000015258789,22.81999969482422,23.959999084472656,1578800.0
2020-09-09,24.25,27.5,24.200000762939453,25.690000534057617,3035400.0
2020-09-10,25.729999542236328,26.010000228881836,24.809999465942383,24.969999313354492,1794100.0
2020-09-11,25.260000228881836,25.600000381469727,24.459999084472656,24.90999984741211,1456500.0
2020-09-14,26.211000442504883,26.299999237060547,25.399999618530273,25.860000610351562,2925000.0
2020-09-15,26.329999923706055,26.399999618530273,24.850000381469727,25.229999542236328,1847800.0
2020-09-16,25.440000534057617,25.540000915527344,24.40999984741211,24.84000015258789,2215800.0
2020-09-17,24.420000076293945,25.350000381469727,24.280000686645508,25.040000915527344,1761500.0
2020-09-18,25.489999771118164,26.56999969482422,24.600000381469727,26.149999618530273,7300400.0
2020-09-21,25.780000686645508,26.104999542236328,25.049999237060547,25.479999542236328,3369000.0
2020-09-22,25.3700008392334,25.709999084472656,24.719999313354492,25.639999389648438,2350900.0
2020-09-23,25.530000686645508,26.049999237060547,24.639999389648438,24.719999313354492,1433800.0
2020-09-24,24.399999618530273,24.600000381469727,22.8700008392334,23.739999771118164,2202500.0
2020-09-25,23.489999771118164,24.739999771118164,23.190000534057617,24.719999313354492,1357500.0
2020-09-28,24.75,25.78499984741211,24.260000228881836,25.530000686645508,1396300.0
2020-09-29,25.700000762939453,26.3700008392334,25.219999313354492,26.170000076293945,1635800.0
2020-09-30,26.15999984741211,27.277000427246094,26.15999984741211,26.760000228881836,2370700.0
2020-10-01,26.989999771118164,27.25,26.459999084472656,27.09000015258789,1752500.0
2020-10-02,26.350000381469727,27.0049991607666,26.01300048828125,26.1200008392334,1086600.0
2020-10-05,26.350000381469727,27.6299991607666,26.139999389648438,27.559999465942383,1686300.0
2020-10-06,27.920000076293945,29.530000686645508,27.920000076293945,28.690000534057617,2189600.0
2020-10-07,29.389999389648438,30.959999084472656,29.145999908447266,30.579999923706055,1943600.0
2020-10-08,31.0,31.100000381469727,30.18000030517578,30.3799991607666,1581400.0
2020-10-09,31.059999465942383,31.66699981689453,30.75,31.0,1772400.0
2020-10-12,31.68000030517578,31.850000381469727,30.420000076293945,30.469999313354492,1309700.0
2020-10-13,30.469999313354492,31.969999313354492,30.469999313354492,31.100000381469727,1508000.0
2020-10-14,31.079999923706055,31.354999542236328,29.239999771118164,29.25,1450900.0
2020-10-15,28.950000762939453,30.56999969482422,28.540000915527344,30.049999237060547,1322200.0
2020-10-16,30.09000015258789,30.809999465942383,29.709999084472656,30.190000534057617,989000.0
2020-10-19,30.329999923706055,30.579999923706055,29.110000610351562,29.479999542236328,1044000.0
2020-10-20,29.350000381469727,30.65999984741211,28.299999237060547,28.65999984741211,1742600.0
2020-10-21,29.200000762939453,29.350000381469727,27.09000015258789,27.229999542236328,1381800.0
2020-10-22,27.270000457763672,28.25,27.079999923706055,27.43000030517578,1180800.0
2020-10-23,27.309999465942383,27.594999313354492,26.43000030517578,27.0,1293800.0
2020-10-26,26.5,27.0,25.3700008392334,26.06999969482422,1978700.0
2020-10-27,26.260000228881836,26.459999084472656,25.704999923706055,26.15999984741211,1517200.0
2020-10-28,26.170000076293945,26.840999603271484,25.642000198364258,25.90999984741211,1086900.0
2020-10-29,26.1299991607666,26.829999923706055,25.530000686645508,26.389999389648438,920500.0
2020-10-30,26.190000534057617,26.489999771118164,24.93000030517578,25.270000457763672,1156500.0
2020-11-02,25.309999465942383,26.110000610351562,25.030000686645508,26.059999465942383,1244300.0
2020-11-03,26.06999969482422,27.09000015258789,25.399999618530273,26.899999618530273,1161400.0
2020-11-04,27.25,29.155000686645508,27.25,28.5,1997800.0
2020-11-05,29.0,29.329999923706055,27.809999465942383,29.059999465942383,1272800.0
2020-11-06,29.15999984741211,29.43000030517578,27.6299991607666,28.209999084472656,1027400.0
2020-11-09,28.809999465942383,29.799999237060547,27.799999237060547,28.8799991607666,1218000.0
2020-11-10,27.75,28.739999771118164,25.75,28.149999618530273,1431500.0
2020-11-11,28.450000762939453,28.594999313354492,26.940000534057617,27.15999984741211,1279200.0
2020-11-12,27.290000915527344,28.100000381469727,27.200000762939453,27.540000915527344,1162900.0
2020-11-13,27.739999771118164,30.15999984741211,27.739999771118164,29.459999084472656,1362000.0
2020-11-16,29.540000915527344,30.170000076293945,28.708999633789062,29.520000457763672,979700.0
2020-11-17,29.350000381469727,29.639999389648438,28.75,29.610000610351562,975500.0
2020-11-18,29.84000015258789,31.549999237060547,29.399999618530273,29.979999542236328,2279700.0
2020-11-19,29.790000915527344,30.799999237060547,29.40999984741211,29.760000228881836,930600.0
2020-11-20,29.459999084472656,30.040000915527344,28.280000686645508,29.850000381469727,1258000.0
2020-11-23,30.0,31.040000915527344,29.579999923706055,30.09000015258789,1014800.0
2020-11-24,29.920000076293945,30.523000717163086,29.360000610351562,29.610000610351562,897900.0
2020-11-25,29.860000610351562,30.540000915527344,29.284000396728516,29.489999771118164,780300.0
2020-11-27,29.8799991607666,31.649999618530273,29.700000762939453,30.290000915527344,1365800.0
2020-11-30,30.479999542236328,31.128999710083008,28.010000228881836,29.34000015258789,2066600.0
2020-12-01,29.520000457763672,30.450000762939453,28.049999237060547,28.110000610351562,1308500.0
2020-12-02,28.420000076293945,28.5,26.06999969482422,27.1299991607666,1826800.0
2020-12-03,27.139999389648438,27.899999618530273,26.839000701904297,27.780000686645508,1001200.0
2020-12-04,27.559999465942383,28.690000534057617,27.100000381469727,28.6299991607666,1175700.0
2020-12-07,28.40999984741211,29.209999084472656,27.670000076293945,27.93000030517578,1287400.0
2020-12-08,27.325000762939453,30.81999969482422,27.270000457763672,30.329999923706055,1993400.0
2020-12-09,30.6200008392334,31.65999984741211,29.395000457763672,29.6200008392334,1667900.0
2020-12-10,33.099998474121094,42.84000015258789,32.880001068115234,41.720001220703125,18070000.0
2020-12-11,41.70800018310547,44.47999954223633,40.470001220703125,42.27000045776367,4596100.0
2020-12-14,42.290000915527344,45.59000015258789,42.279998779296875,43.75,3300500.0
2020-12-15,46.099998474121094,51.5,45.150001525878906,51.16999816894531,11262700.0
2020-12-16,51.04999923706055,54.13999938964844,47.91999816894531,53.310001373291016,4419700.0
2020-12-17,53.638999938964844,53.790000915527344,51.314998626708984,51.7599983215332,2841500.0
2020-12-18,51.91999816894531,54.220001220703125,51.369998931884766,53.9900016784668,3751900.0
2020-12-21,52.5,55.13999938964844,51.5,54.900001525878906,2116100.0
2020-12-22,55.529998779296875,56.11000061035156,54.06999969482422,54.40999984741211,1532700.0
2020-12-23,54.45000076293945,54.779998779296875,52.38999938964844,54.22999954223633,837700.0
2020-12-24,54.380001068115234,55.152000427246094,53.266998291015625,53.34000015258789,543100.0
2020-12-28,53.75,54.0,51.7400016784668,52.0099983215332,1038200.0
2020-12-29,51.5099983215332,52.75,49.529998779296875,51.43000030517578,1352000.0
2020-12-30,51.619998931884766,54.27000045776367,51.619998931884766,52.88999938964844,877500.0
2020-12-31,53.0,53.06999969482422,51.5,52.02000045776367,885400.0
2021-01-04,51.15999984741211,52.40999984741211,50.349998474121094,51.0,2030200.0
2021-01-05,50.97999954223633,51.810001373291016,50.20000076293945,51.0,1781200.0
2021-01-06,50.86600112915039,53.84000015258789,50.33000183105469,52.36000061035156,2363700.0
2021-01-07,52.220001220703125,53.766998291015625,51.70000076293945,53.689998626708984,1246000.0
2021-01-08,55.106998443603516,55.70000076293945,52.400001525878906,54.0,1656600.0
2021-01-11,52.5,53.5,51.310001373291016,52.5099983215332,1227700.0
2021-01-12,52.5,53.439998626708984,52.058998107910156,52.45000076293945,1055300.0
2021-01-13,52.0099983215332,56.7400016784668,51.959999084472656,53.09000015258789,3290900.0
2021-01-14,53.12300109863281,53.79999923706055,51.060001373291016,51.189998626708984,1607600.0
2021-01-15,51.029998779296875,51.5359992980957,48.560001373291016,49.619998931884766,1810800.0
2021-01-19,50.810001373291016,51.349998474121094,49.13999938964844,50.189998626708984,1614100.0
2021-01-20,51.00600051879883,51.2400016784668,49.349998474121094,50.18000030517578,912900.0
2021-01-21,50.45000076293945,50.49300003051758,47.20000076293945,47.52000045776367,1648400.0
2021-01-22,47.09000015258789,49.529998779296875,46.790000915527344,49.41999816894531,1384800.0
2021-01-25,49.81399917602539,50.2599983215332,48.59000015258789,50.25,925900.0
2021-01-26,50.279998779296875,51.400001525878906,49.5,50.005001068115234,1813700.0
2021-01-27,49.029998779296875,49.810001373291016,46.279998779296875,46.40999984741211,1647600.0
2021-01-28,46.810001373291016,49.46200180053711,46.5,48.04999923706055,1375900.0
2021-01-29,47.65999984741211,48.900001525878906,46.52000045776367,48.27000045776367,1190900.0
2021-02-01,49.06999969482422,49.06999969482422,47.619998931884766,48.470001220703125,1152400.0
2021-02-02,49.439998626708984,49.959999084472656,48.83000183105469,48.900001525878906,1049000.0
2021-02-03,49.0,49.40999984741211,47.38999938964844,48.470001220703125,943900.0
2021-02-04,48.86600112915039,49.279998779296875,47.70000076293945,48.529998779296875,1126500.0
2021-02-05,50.939998626708984,54.869998931884766,49.400001525878906,54.29999923706055,3924600.0
2021-02-08,56.25,56.5,51.70800018310547,52.43000030517578,2839000.0
2021-02-09,52.380001068115234,53.06999969482422,51.099998474121094,51.470001220703125,1876000.0
2021-02-10,51.5,52.0,49.029998779296875,49.45000076293945,1468000.0
2021-02-11,50.27000045776367,50.915000915527344,48.54999923706055,48.810001373291016,879500.0
2021-02-12,48.5,50.301998138427734,47.790000915527344,47.95000076293945,1388400.0
2021-02-16,48.5,48.880001068115234,46.72999954223633,46.810001373291016,1589400.0
2021-02-17,46.529998779296875,46.654998779296875,44.310001373291016,45.88999938964844,1591600.0
2021-02-18,45.59000015258789,46.987998962402344,45.099998474121094,46.130001068115234,1126800.0
2021-02-19,46.5,48.25,46.36000061035156,47.279998779296875,1000100.0
2021-02-22,46.959999084472656,48.016998291015625,44.650001525878906,44.81999969482422,1294600.0
2021-02-23,43.560001373291016,45.79999923706055,43.040000915527344,44.72999954223633,1610300.0
2021-02-24,44.709999084472656,46.209999084472656,44.279998779296875,45.08000183105469,864400.0
2021-02-25,44.650001525878906,45.72999954223633,42.900001525878906,43.5,1075300.0
2021-02-26,44.22999954223633,44.823001861572266,42.41999816894531,43.77000045776367,1201600.0
2021-03-01,44.40999984741211,45.34000015258789,43.959999084472656,45.0,930000.0
2021-03-02,44.90999984741211,46.2599983215332,44.529998779296875,44.86000061035156,1285200.0
2021-03-03,44.599998474121094,45.185001373291016,42.53499984741211,42.72999954223633,1532900.0
2021-03-04,42.95000076293945,43.970001220703125,40.834999084472656,41.61000061035156,1843400.0
2021-03-05,41.900001525878906,43.33000183105469,38.44499969482422,43.279998779296875,2138700.0
2021-03-08,43.41999816894531,44.61000061035156,41.470001220703125,41.709999084472656,1334700.0
2021-03-09,42.29999923706055,45.7599983215332,42.29999923706055,45.04999923706055,1626400.0
2021-03-10,44.869998931884766,47.40999984741211,44.5,46.63999938964844,1088300.0
2021-03-11,47.310001373291016,50.66999816894531,47.0,50.290000915527344,1585900.0
2021-03-12,49.58000183105469,49.9900016784668,47.25,49.83000183105469,1163700.0
2021-03-15,49.7599983215332,50.5,47.68000030517578,48.099998474121094,1175400.0
2021-03-16,48.20000076293945,48.720001220703125,46.41999816894531,47.099998474121094,1063200.0
2021-03-17,46.38999938964844,48.810001373291016,45.75,48.209999084472656,846600.0
2021-03-18,47.61000061035156,48.75,46.0099983215332,46.040000915527344,836400.0
2021-03-19,46.47999954223633,49.470001220703125,46.33000183105469,49.10499954223633,3638000.0
2021-03-22,48.970001220703125,51.29999923706055,48.33000183105469,50.20000076293945,2036100.0
2021-03-23,49.849998474121094,50.47999954223633,48.16999816894531,48.349998474121094,1316800.0
2021-03-24,48.72999954223633,48.72999954223633,45.2400016784668,45.36000061035156,1663900.0
2021-03-25,44.349998474121094,46.7400016784668,43.81999969482422,46.63999938964844,1392400.0
2021-03-26,46.790000915527344,46.95000076293945,43.72999954223633,46.099998474121094,1085000.0
2021-03-29,45.40999984741211,45.66999816894531,42.68000030517578,43.099998474121094,1048600.0
2021-03-30,43.0,46.0,42.314998626708984,45.279998779296875,1062300.0
2021-03-31,45.380001068115234,48.61000061035156,45.20000076293945,48.20000076293945,3299000.0
2021-04-01,48.93000030517578,50.0,48.439998626708984,48.959999084472656,1422100.0
2021-04-05,49.869998931884766,49.880001068115234,47.2400016784668,47.869998931884766,1406500.0
2021-04-06,47.83000183105469,48.5099983215332,46.720001220703125,46.72999954223633,1498400.0
2021-04-07,46.7599983215332,47.09000015258789,45.720001220703125,46.130001068115234,1167000.0
2021-04-08,46.16999816894531,47.36000061035156,46.0,46.70000076293945,634500.0
2021-04-09,46.72999954223633,46.72999954223633,44.400001525878906,44.790000915527344,866400.0
2021-04-12,44.79999923706055,44.79999923706055,43.29499816894531,43.900001525878906,744800.0
2021-04-13,44.369998931884766,44.97999954223633,43.20000076293945,44.650001525878906,638600.0
2021-04-14,44.560001373291016,46.400001525878906,44.52000045776367,44.56999969482422,1005200.0
2021-04-15,45.150001525878906,46.0,44.65999984741211,45.83000183105469,1525300.0
2021-04-16,47.900001525878906,49.38800048828125,44.38999938964844,44.779998779296875,3970300.0
2021-04-19,45.0099983215332,45.36000061035156,42.209999084472656,42.810001373291016,1826600.0
2021-04-20,41.959999084472656,42.61000061035156,39.64500045776367,39.959999084472656,2409700.0
2021-04-21,38.994998931884766,40.88999938964844,38.71500015258789,40.720001220703125,1965700.0
2021-04-22,41.02000045776367,42.130001068115234,40.150001525878906,41.09000015258789,1187600.0
2021-04-23,41.61000061035156,43.0,41.16999816894531,42.40999984741211,1331700.0
2021-04-26,42.86000061035156,44.849998474121094,42.119998931884766,44.43000030517578,1650300.0
2021-04-27,44.650001525878906,44.939998626708984,42.33000183105469,42.790000915527344,2279700.0
2021-04-28,42.56999969482422,44.0,42.11000061035156,43.61000061035156,736400.0
2021-04-29,43.76900100708008,43.97999954223633,42.540000915527344,43.02000045776367,762400.0
2021-04-30,43.5890007019043,45.279998779296875,43.400001525878906,44.709999084472656,1615800.0
2021-05-03,45.25,45.5,43.2400016784668,43.310001373291016,1247500.0
2021-05-04,42.75,42.97999954223633,40.5,40.970001220703125,1360700.0
2021-05-05,41.2400016784668,42.310001373291016,40.65999984741211,41.47999954223633,910200.0
2021-05-06,41.04999923706055,41.29499816894531,37.400001525878906,39.849998474121094,1971500.0
2021-05-07,40.33000183105469,40.939998626708984,39.81999969482422,40.20000076293945,1030900.0
2021-05-10,39.119998931884766,39.47999954223633,37.689998626708984,37.900001525878906,1483900.0
2021-05-11,36.41999816894531,38.689998626708984,35.560001373291016,37.52000045776367,1831800.0
2021-05-12,37.0099983215332,37.60300064086914,36.16999816894531,36.33000183105469,1828300.0
2021-05-13,36.599998474121094,36.79999923706055,33.349998474121094,34.2400016784668,2002000.0
2021-05-14,34.29999923706055,34.97999954223633,33.529998779296875,34.2599983215332,1591900.0
2021-05-17,33.68000030517578,34.2599983215332,33.19499969482422,33.849998474121094,1050000.0
2021-05-18,34.25,35.900001525878906,33.17499923706055,34.0099983215332,1491200.0
2021-05-19,33.369998931884766,33.77000045776367,32.375,32.525001525878906,1139500.0
2021-05-20,32.599998474121094,33.630001068115234,32.29999923706055,32.5,1434800.0
2021-05-21,33.29999923706055,33.83000183105469,32.810001373291016,33.20000076293945,1892100.0
2021-05-24,34.06999969482422,34.189998626708984,33.0,33.720001220703125,1074400.0
2021-05-25,34.75,35.439998626708984,33.279998779296875,33.529998779296875,2026800.0
2021-05-26,33.91999816894531,34.65999984741211,33.36000061035156,34.36000061035156,1132200.0
2021-05-27,34.25,34.470001220703125,33.099998474121094,33.59000015258789,2389400.0
2021-05-28,33.91999816894531,35.380001068115234,33.91999816894531,34.869998931884766,1261500.0
2021-06-01,35.0,36.2599983215332,34.220001220703125,34.459999084472656,1264200.0
2021-06-02,34.31999969482422,34.91999816894531,33.70000076293945,34.400001525878906,978700.0
2021-06-03,34.130001068115234,34.709999084472656,33.59000015258789,34.439998626708984,1009900.0
2021-06-04,34.66999816894531,35.25,34.209999084472656,35.16999816894531,921300.0
2021-06-07,35.36000061035156,37.189998626708984,35.29999923706055,37.150001525878906,1575800.0
2021-06-08,37.63999938964844,37.9900016784668,36.029998779296875,37.15999984741211,1241200.0
2021-06-09,37.47999954223633,37.79999923706055,37.04999923706055,37.29999923706055,575400.0
2021-06-10,37.310001373291016,38.08000183105469,36.7400016784668,37.970001220703125,972300.0
2021-06-11,37.880001068115234,38.119998931884766,37.220001220703125,37.77000045776367,863300.0
2021-06-14,38.0,38.58000183105469,37.77000045776367,38.29999923706055,1118500.0
2021-06-15,38.209999084472656,38.900001525878906,36.869998931884766,37.40999984741211,950300.0
2021-06-16,37.40999984741211,37.80799865722656,35.880001068115234,36.70000076293945,883800.0
2021-06-17,36.38999938964844,37.97999954223633,36.04999923706055,37.849998474121094,881700.0
2021-06-18,37.27000045776367,38.06999969482422,37.029998779296875,37.560001373291016,1922900.0
2021-06-21,37.75,38.2599983215332,36.97999954223633,37.709999084472656,958500.0
2021-06-22,37.75,38.15999984741211,37.209999084472656,37.540000915527344,891600.0
2021-06-23,37.59000015258789,38.25,37.404998779296875,37.90999984741211,684000.0
2021-06-24,38.119998931884766,38.84000015258789,37.9900016784668,38.810001373291016,851000.0
2021-06-25,39.06999969482422,40.0,38.974998474121094,39.88999938964844,1983900.0
2021-06-28,39.900001525878906,40.060001373291016,38.880001068115234,39.400001525878906,684900.0
2021-06-29,39.40999984741211,39.41999816894531,37.540000915527344,37.61000061035156,891900.0
2021-06-30,37.5,39.2400016784668,36.849998474121094,38.790000915527344,747200.0
2021-07-01,38.44499969482422,40.59000015258789,38.44499969482422,40.45000076293945,862600.0
2021-07-02,40.900001525878906,41.0,39.66999816894531,40.11000061035156,760500.0
2021-07-06,40.400001525878906,40.65999984741211,38.665000915527344,38.86000061035156,728600.0
2021-07-07,38.959999084472656,39.470001220703125,37.2599983215332,37.529998779296875,534300.0
2021-07-08,36.720001220703125,38.720001220703125,36.400001525878906,38.689998626708984,637600.0
2021-07-09,39.0,40.53499984741211,38.58000183105469,40.34000015258789,681600.0
2021-07-12,40.16999816894531,40.34000015258789,38.95000076293945,39.31999969482422,599400.0
2021-07-13,39.25,39.310001373291016,38.369998931884766,38.70000076293945,540800.0
2021-07-14,38.84000015258789,38.95000076293945,37.0,37.029998779296875,723800.0
2021-07-15,36.75,37.36000061035156,35.98500061035156,37.22999954223633,952800.0
2021-07-16,37.63999938964844,38.3650016784668,36.84000015258789,37.02000045776367,712700.0
2021-07-19,36.209999084472656,37.459999084472656,35.75,36.86000061035156,638400.0
2021-07-20,36.939998626708984,38.150001525878906,36.68000030517578,37.959999084472656,853600.0
2021-07-21,37.970001220703125,38.198001861572266,37.29999923706055,38.119998931884766,600500.0
2021-07-22,38.130001068115234,38.70000076293945,37.45000076293945,38.06999969482422,561500.0
2021-07-23,38.2599983215332,38.38999938964844,37.470001220703125,37.83000183105469,525300.0
2021-07-26,37.91999816894531,38.369998931884766,35.119998931884766,35.25,1071600.0
2021-07-27,35.13999938964844,35.82899856567383,33.34000015258789,34.09000015258789,1111400.0
2021-07-28,34.529998779296875,36.79999923706055,34.38999938964844,36.61000061035156,719500.0
2021-07-29,36.77000045776367,37.13999938964844,35.5099983215332,35.68000030517578,551700.0
2021-07-30,35.5,36.09000015258789,34.90999984741211,34.9900016784668,617400.0
2021-08-02,32.27000045776367,32.34000015258789,26.281999588012695,27.420000076293945,8580800.0
2021-08-03,27.5049991607666,27.65999984741211,25.260000228881836,25.469999313354492,4314100.0
2021-08-04,25.200000762939453,25.489999771118164,24.020000457763672,24.25,3531300.0
2021-08-05,24.25,24.959999084472656,23.25,24.450000762939453,3005500.0
2021-08-06,24.56999969482422,24.639999389648438,23.31999969482422,23.520000457763672,1885700.0
2021-08-09,23.549999237060547,24.64900016784668,23.329999923706055,23.540000915527344,1487900.0
2021-08-10,23.649999618530273,23.75,22.059999465942383,22.170000076293945,2194900.0
2021-08-11,22.219999313354492,22.959999084472656,21.729999542236328,22.260000228881836,1867900.0
2021-08-12,22.15999984741211,22.760000228881836,21.219999313354492,22.469999313354492,2158500.0
2021-08-13,22.860000610351562,23.5,22.610000610351562,22.790000915527344,2449000.0
2021-08-16,22.809999465942383,23.219999313354492,22.18000030517578,22.299999237060547,1743900.0
2021-08-17,22.0049991607666,22.350000381469727,21.058000564575195,22.299999237060547,2178900.0
2021-08-18,22.389999389648438,23.020000457763672,21.729999542236328,22.25,983900.0
2021-08-19,22.030000686645508,22.280000686645508,21.15999984741211,21.780000686645508,2243900.0
2021-08-20,22.309999465942383,24.43000030517578,22.200000762939453,24.0,2551100.0
2021-08-23,24.540000915527344,26.670000076293945,24.540000915527344,26.170000076293945,2674100.0
2021-08-24,26.440000534057617,26.440000534057617,25.059999465942383,25.700000762939453,1693300.0
2021-08-25,25.6299991607666,26.389999389648438,25.475000381469727,25.93000030517578,1160800.0
2021-08-26,25.790000915527344,26.489999771118164,25.18000030517578,25.200000762939453,1247500.0
2021-08-27,25.739999771118164,27.559999465942383,25.450000762939453,27.06999969482422,2747600.0
2021-08-30,27.5,27.66900062561035,26.40999984741211,26.709999084472656,1339600.0
2021-08-31,26.860000610351562,27.639999389648438,26.389999389648438,27.06999969482422,2843200.0
2021-09-01,27.114999771118164,29.575000762939453,26.905000686645508,29.459999084472656,1943500.0
2021-09-02,29.424999237060547,30.270000457763672,28.760000228881836,30.170000076293945,1352500.0
2021-09-03,30.0,31.81999969482422,29.25,30.170000076293945,2154700.0
2021-09-07,30.0,30.5,29.65999984741211,30.09000015258789,1957700.0
2021-09-08,29.829999923706055,30.100000381469727,29.190000534057617,29.40999984741211,1226100.0
2021-09-09,29.149999618530273,30.729999542236328,29.020000457763672,30.469999313354492,885400.0
2021-09-10,30.56999969482422,30.770000457763672,29.59000015258789,29.790000915527344,980600.0
2021-09-13,29.8799991607666,30.579999923706055,28.75,30.079999923706055,1085600.0
2021-09-14,30.0,30.940000534057617,29.31999969482422,29.799999237060547,1191600.0
2021-09-15,29.799999237060547,30.40999984741211,29.700000762939453,29.899999618530273,1081900.0
2021-09-16,29.610000610351562,30.777999877929688,29.110000610351562,30.6299991607666,1099200.0
2021-09-17,30.690000534057617,31.40999984741211,29.93000030517578,31.280000686645508,2788800.0
2021-09-20,30.079999923706055,31.187000274658203,29.899999618530273,30.700000762939453,1334600.0
2021-09-21,30.760000228881836,31.600000381469727,30.43000030517578,31.059999465942383,1496500.0
2021-09-22,31.059999465942383,31.950000762939453,30.628000259399414,31.829999923706055,758500.0
2021-09-23,32.0,33.11000061035156,31.549999237060547,33.08000183105469,978400.0
2021-09-24,32.91999816894531,33.310001373291016,32.0099983215332,32.15999984741211,957400.0
2021-09-27,32.41999816894531,34.935001373291016,32.38999938964844,34.52000045776367,1485100.0
2021-09-28,34.029998779296875,34.38999938964844,32.849998474121094,33.040000915527344,1167000.0
2021-09-29,33.27000045776367,33.9900016784668,32.72999954223633,33.56999969482422,918800.0
2021-09-30,33.63999938964844,34.689998626708984,33.224998474121094,33.279998779296875,771000.0
2021-10-01,33.130001068115234,33.75,32.11000061035156,33.709999084472656,881100.0
2021-10-04,33.40999984741211,33.63999938964844,31.950000762939453,32.209999084472656,974500.0
2021-10-05,32.2400016784668,33.16999816894531,32.189998626708984,32.36000061035156,802400.0
2021-10-06,31.6299991607666,32.20000076293945,30.719999313354492,31.139999389648438,1093900.0
2021-10-07,31.219999313354492,31.948999404907227,31.0,31.520000457763672,606000.0
2021-10-08,31.520000457763672,31.8799991607666,31.18000030517578,31.549999237060547,502700.0
2021-10-11,32.220001220703125,32.38199996948242,31.600000381469727,32.02000045776367,631400.0
2021-10-12,32.137001037597656,32.939998626708984,31.90999984741211,32.61000061035156,492600.0
2021-10-13,32.650001525878906,32.93000030517578,32.31999969482422,32.79999923706055,725600.0
2021-10-14,33.06999969482422,34.130001068115234,33.06999969482422,33.95000076293945,827100.0
2021-10-15,34.52000045776367,34.599998474121094,33.27000045776367,33.310001373291016,726100.0
2021-10-18,32.900001525878906,33.619998931884766,32.65999984741211,32.779998779296875,587900.0
2021-10-19,33.0099983215332,33.470001220703125,31.719999313354492,31.8799991607666,793600.0
2021-10-20,31.8799991607666,32.099998474121094,31.139999389648438,31.8799991607666,683000.0
2021-10-21,32.02000045776367,32.45000076293945,31.739999771118164,31.809999465942383,485400.0
2021-10-22,31.469999313354492,31.59000015258789,30.915000915527344,31.399999618530273,603200.0
2021-10-25,31.510000228881836,32.540000915527344,31.35300064086914,32.130001068115234,580400.0
2021-10-26,32.439998626708984,32.58000183105469,31.649999618530273,31.739999771118164,545600.0
2021-10-27,31.799999237060547,32.029998779296875,31.010000228881836,31.059999465942383,493300.0
2021-10-28,31.100000381469727,31.6200008392334,30.75,31.579999923706055,593100.0
2021-10-29,31.670000076293945,32.15999984741211,31.1299991607666,31.219999313354492,637400.0
2021-11-01,31.350000381469727,32.90999984741211,31.040000915527344,32.72999954223633,1084400.0
2021-11-02,32.72999954223633,32.849998474121094,31.405000686645508,32.77000045776367,874200.0
2021-11-03,32.77000045776367,33.43000030517578,32.439998626708984,32.90999984741211,1286200.0
2021-11-04,32.130001068115234,35.0099983215332,31.93000030517578,34.849998474121094,1546600.0
2021-11-05,35.02000045776367,35.849998474121094,34.220001220703125,35.5099983215332,1530700.0
2021-11-08,35.619998931884766,35.939998626708984,34.380001068115234,34.79999923706055,1000800.0
2021-11-09,34.869998931884766,35.499000549316406,34.54999923706055,34.66999816894531,857200.0
2021-11-10,34.369998931884766,34.86000061035156,33.138999938964844,33.25,787500.0
2021-11-11,33.20000076293945,33.8650016784668,32.95000076293945,33.16999816894531,502300.0
2021-11-12,33.43000030517578,33.44499969482422,31.43000030517578,31.780000686645508,991800.0
2021-11-15,28.75,29.847999572753906,26.51099967956543,27.049999237060547,3640600.0
2021-11-16,26.700000762939453,26.940000534057617,25.5,26.639999389648438,1909000.0
2021-11-17,26.639999389648438,27.69499969482422,26.510000228881836,27.18000030517578,1164100.0
2021-11-18,27.219999313354492,27.6299991607666,22.690000534057617,24.860000610351562,2821500.0
2021-11-19,24.700000762939453,25.184999465942383,24.200000762939453,24.40999984741211,1338800.0
2021-11-22,24.459999084472656,24.639999389648438,23.5,23.75,1622100.0
2021-11-23,23.549999237060547,24.639999389648438,22.899999618530273,24.510000228881836,1429500.0
2021-11-24,24.290000915527344,25.600000381469727,23.860000610351562,25.40999984741211,727500.0
2021-11-26,25.360000610351562,25.56999969482422,23.690000534057617,23.979999542236328,898200.0
2021-11-29,24.059999465942383,24.899999618530273,23.260000228881836,23.360000610351562,816000.0
2021-11-30,13.470000267028809,15.279999732971191,12.619999885559082,15.199999809265137,22032600.0
2021-12-01,14.550000190734863,16.68000030517578,14.479999542236328,15.6899995803833,5665600.0
2021-12-02,15.699999809265137,17.0,15.6899995803833,16.780000686645508,2366200.0
2021-12-03,16.770000457763672,16.780000686645508,15.180000305175781,15.640000343322754,2633800.0
2021-12-06,15.729999542236328,16.43000030517578,14.899999618530273,16.299999237060547,2072500.0
2021-12-07,16.760000228881836,18.489999771118164,16.69499969482422,17.469999313354492,2174900.0
2021-12-08,17.559999465942383,18.540000915527344,17.25,18.040000915527344,1561900.0
2021-12-09,17.90999984741211,17.93000030517578,16.65999984741211,16.690000534057617,1539600.0
2021-12-10,16.8799991607666,17.600000381469727,16.420000076293945,16.56999969482422,1544900.0
2021-12-13,17.0,17.149999618530273,15.640000343322754,16.09000015258789,1833300.0
2021-12-14,16.020000457763672,16.40999984741211,15.529999732971191,15.59000015258789,1381200.0
2021-12-15,15.600000381469727,16.760000228881836,15.279999732971191,16.719999313354492,1989400.0
2021-12-16,16.979999542236328,17.15999984741211,15.5,15.819999694824219,1472700.0
2021-12-17,15.65999984741211,18.479999542236328,15.510000228881836,18.239999771118164,5429900.0
2021-12-20,17.770000457763672,18.06999969482422,16.93000030517578,17.450000762939453,1822500.0
2021-12-21,17.523000717163086,18.0,17.420000076293945,17.959999084472656,1375200.0
2021-12-22,17.8700008392334,18.3799991607666,17.32200050354004,18.350000381469727,907400.0
2021-12-23,18.399999618530273,19.559999465942383,18.190000534057617,19.389999389648438,1166200.0
2021-12-27,19.389999389648438,19.399999618530273,18.450000762939453,18.649999618530273,856000.0
2021-12-28,18.719999313354492,19.649999618530273,18.719999313354492,19.030000686645508,1016300.0
2021-12-29,18.8799991607666,19.239999771118164,18.649999618530273,19.239999771118164,896800.0
2021-12-30,19.239999771118164,20.260000228881836,19.15999984741211,19.350000381469727,1483600.0
2021-12-31,19.229999542236328,19.75,18.959999084472656,19.0,1435700.0
2022-01-03,19.1299991607666,20.690000534057617,18.725000381469727,20.450000762939453,2180000.0
2022-01-04,20.290000915527344,20.290000915527344,18.719999313354492,19.09000015258789,2223100.0
2022-01-05,19.079999923706055,19.489999771118164,17.40999984741211,17.510000228881836,1670600.0
2022-01-06,17.479999542236328,18.579999923706055,16.972000122070312,17.959999084472656,1938200.0
2022-01-07,17.850000381469727,18.389999389648438,17.3700008392334,17.520000457763672,999200.0
2022-01-10,17.1299991607666,17.479999542236328,16.639999389648438,17.360000610351562,2035300.0
2022-01-11,17.229999542236328,17.540000915527344,16.770000457763672,16.8799991607666,2030700.0
2022-01-12,17.059999465942383,17.200000762939453,15.579999923706055,15.680000305175781,1785700.0
2022-01-13,15.699999809265137,16.190000534057617,15.210000038146973,15.40999984741211,1742500.0
2022-01-14,15.34000015258789,15.850000381469727,15.029999732971191,15.6899995803833,1528000.0
2022-01-18,15.270000457763672,15.550000190734863,14.15999984741211,14.180000305175781,1723400.0
2022-01-19,14.279999732971191,14.600000381469727,13.970000267028809,14.25,2351900.0
2022-01-20,14.630000114440918,15.069999694824219,13.949999809265137,14.0,1957600.0
2022-01-21,13.859999656677246,14.40999984741211,13.510000228881836,13.569999694824219,1712300.0
2022-01-24,13.5,14.569999694824219,12.899999618530273,14.460000038146973,2479900.0
2022-01-25,14.100000381469727,15.119999885559082,13.619999885559082,14.760000228881836,1723100.0
2022-01-26,15.100000381469727,15.260000228881836,13.720000267028809,13.899999618530273,1705500.0
2022-01-27,14.125,14.619999885559082,8.045000076293945,8.270000457763672,18046500.0
2022-01-28,8.460000038146973,9.729999542236328,8.28499984741211,9.729999542236328,8898000.0
2022-01-31,9.890000343322754,11.760000228881836,9.8100004196167,11.569999694824219,5500800.0
2022-02-01,11.75,12.53499984741211,11.15999984741211,11.770000457763672,3325000.0
2022-02-02,11.680000305175781,11.6899995803833,10.800000190734863,10.979999542236328,2073400.0
2022-02-03,10.890000343322754,11.069999694824219,9.869999885559082,10.140000343322754,6065900.0
2022-02-04,10.039999961853027,10.34000015258789,9.829999923706055,10.149999618530273,2880100.0
2022-02-07,10.199999809265137,10.59000015258789,10.029999732971191,10.210000038146973,2051900.0
2022-02-08,10.220000267028809,10.729999542236328,9.96500015258789,10.579999923706055,1927000.0
2022-02-09,10.65999984741211,11.25,10.630000114440918,10.84000015258789,1751200.0
2022-02-10,10.460000038146973,11.119999885559082,10.1899995803833,10.390000343322754,3477300.0
2022-02-11,10.449999809265137,10.880000114440918,10.109999656677246,10.350000381469727,1702500.0
2022-02-14,10.270000457763672,10.34000015258789,9.890000343322754,9.979999542236328,1444500.0
2022-02-15,10.229999542236328,11.069999694824219,10.15999984741211,10.930000305175781,1895000.0
2022-02-16,11.0,11.470000267028809,10.6899995803833,11.229999542236328,1896200.0
2022-02-17,11.170000076293945,11.460000038146973,10.600000381469727,10.829999923706055,1782900.0
2022-02-18,10.699999809265137,11.029999732971191,10.479999542236328,10.539999961853027,1297600.0
2022-02-22,10.34000015258789,10.5,10.039999961853027,10.069999694824219,1522100.0
2022-02-23,10.170000076293945,10.229999542236328,9.420000076293945,9.430000305175781,1470600.0
2022-02-24,9.029999732971191,9.880000114440918,8.970000267028809,9.84000015258789,2665600.0
2022-02-25,9.9399995803833,10.0,9.470000267028809,9.899999618530273,1611800.0
2022-02-28,9.920000076293945,10.270000457763672,9.609999656677246,9.869999885559082,1563800.0
2022-03-01,10.0,10.59000015258789,9.899999618530273,10.289999961853027,2154100.0
2022-03-02,10.399999618530273,10.819999694824219,10.09000015258789,10.329999923706055,1911800.0
2022-03-03,10.574999809265137,10.574999809265137,9.25,9.350000381469727,2673500.0
2022-03-04,9.350000381469727,9.529999732971191,8.699999809265137,8.770000457763672,1966800.0
2022-03-07,8.880000114440918,9.149999618530273,8.489999771118164,8.670000076293945,1800200.0
2022-03-08,8.710000038146973,8.930000305175781,8.199999809265137,8.489999771118164,1336700.0
2022-03-09,8.75,9.170999526977539,8.65999984741211,9.130000114440918,1790700.0
2022-03-10,8.850000381469727,9.229999542236328,8.649999618530273,9.010000228881836,1354000.0
2022-03-11,9.109999656677246,9.25,8.800000190734863,8.800000190734863,1253900.0
2022-03-14,8.609999656677246,8.84000015258789,7.789999961853027,7.809999942779541,2838400.0
2022-03-15,7.880000114440918,8.210000038146973,7.730000019073486,7.989999771118164,2153600.0
2022-03-16,8.15999984741211,8.829999923706055,8.045000076293945,8.8100004196167,3009200.0
2022-03-17,8.520000457763672,9.6899995803833,8.350000381469727,9.680000305175781,2204500.0
2022-03-18,9.649999618530273,10.279999732971191,9.621000289916992,10.149999618530273,9712100.0
2022-03-21,9.979999542236328,10.25,9.5,9.699999809265137,1966100.0
2022-03-22,9.699999809265137,10.269000053405762,9.6899995803833,10.220000267028809,1693300.0
2022-03-23,10.09000015258789,10.579999923706055,9.890000343322754,9.960000038146973,1312500.0
2022-03-24,10.09000015258789,10.390000343322754,9.842000007629395,10.329999923706055,1270600.0
2022-03-25,10.289999961853027,10.34000015258789,9.920000076293945,9.970000267028809,1517900.0
2022-03-28,9.979999542236328,10.300000190734863,9.545000076293945,9.930000305175781,1441000.0
2022-03-29,10.09000015258789,10.75,10.020000457763672,10.5600004196167,2345100.0
2022-03-30,10.470000267028809,10.699999809265137,9.729999542236328,9.819999694824219,1515500.0
2022-03-31,9.880000114440918,10.09000015258789,9.484999656677246,9.510000228881836,1762900.0
2022-04-01,9.569999694824219,10.109999656677246,9.420000076293945,10.079999923706055,1638800.0
2022-04-04,10.119999885559082,10.670000076293945,10.109999656677246,10.65999984741211,2643600.0
2022-04-05,10.630000114440918,10.869999885559082,10.420000076293945,10.470000267028809,1934700.0
2022-04-06,10.25,10.630000114440918,10.140000343322754,10.489999771118164,1349800.0
2022-04-07,10.149999618530273,10.420000076293945,9.609999656677246,9.710000038146973,1564300.0
2022-04-08,9.75,9.90999984741211,9.170000076293945,9.260000228881836,1518500.0
2022-04-11,9.039999961853027,9.40999984741211,8.859999656677246,9.109999656677246,1426100.0
2022-04-12,9.220000267028809,9.729999542236328,9.09000015258789,9.270000457763672,1229900.0
2022-04-13,9.399999618530273,9.789999961853027,9.100000381469727,9.670000076293945,1775800.0
2022-04-14,9.539999961853027,9.630000114440918,8.819999694824219,8.850000381469727,2733600.0
2022-04-18,6.03000020980835,7.170000076293945,6.020999908447266,6.920000076293945,14024400.0
2022-04-19,6.760000228881836,7.349999904632568,6.739999771118164,7.260000228881836,5155400.0
2022-04-20,7.380000114440918,7.829999923706055,7.139999866485596,7.690000057220459,3059500.0
2022-04-21,7.739999771118164,8.039999961853027,7.420000076293945,7.420000076293945,2903400.0
2022-04-22,7.369999885559082,7.570000171661377,7.0,7.130000114440918,1939400.0
2022-04-25,7.099999904632568,7.565000057220459,7.019999980926514,7.46999979019165,1911600.0
2022-04-26,7.329999923706055,7.460000038146973,6.710000038146973,6.739999771118164,2663300.0
2022-04-27,6.710000038146973,6.860000133514404,6.5,6.550000190734863,2336600.0
2022-04-28,6.739999771118164,6.809999942779541,6.170000076293945,6.710000038146973,2085500.0
2022-04-29,6.659999847412109,7.289999961853027,6.650000095367432,6.940000057220459,2597100.0
2022-05-02,6.96999979019165,7.800000190734863,6.909999847412109,7.550000190734863,3000200.0
2022-05-03,7.460000038146973,7.699999809265137,7.150000095367432,7.46999979019165,1787300.0
2022-05-04,7.510000228881836,7.934999942779541,7.099999904632568,7.860000133514404,2473300.0
2022-05-05,7.670000076293945,7.760000228881836,7.28000020980835,7.519999980926514,2166800.0
2022-05-06,7.329999923706055,7.434999942779541,6.96999979019165,7.079999923706055,2323300.0
2022-05-09,6.889999866485596,7.099999904632568,6.369999885559082,6.409999847412109,2536500.0
2022-05-10,6.860000133514404,7.190000057220459,6.105000019073486,6.460000038146973,2847100.0
2022-05-11,6.670000076293945,6.670000076293945,5.579999923706055,5.710000038146973,3649700.0
2022-05-12,5.559999942779541,6.159999847412109,5.510000228881836,6.039999961853027,2957300.0
2022-05-13,6.269999980926514,6.659999847412109,6.199999809265137,6.5,3047400.0
2022-05-16,6.489999771118164,6.775000095367432,6.360000133514404,6.46999979019165,1895400.0
2022-05-17,6.71999979019165,6.96999979019165,6.599999904632568,6.820000171661377,2690400.0
2022-05-18,6.519999980926514,6.78000020980835,6.070000171661377,6.099999904632568,2396300.0
2022-05-19,6.090000152587891,6.25,5.75,6.039999961853027,3802800.0
2022-05-20,5.840000152587891,6.099999904632568,4.809999942779541,5.389999866485596,4946000.0
2022-05-23,5.46999979019165,5.579999923706055,5.260000228881836,5.440000057220459,2532700.0
2022-05-24,5.309999942779541,5.380000114440918,4.849999904632568,4.900000095367432,2469400.0
2022-05-25,4.860000133514404,5.019999980926514,4.734000205993652,4.989999771118164,2513200.0
2022-05-26,4.989999771118164,5.255000114440918,4.824999809265137,5.050000190734863,2014100.0
2022-05-27,5.070000171661377,5.255000114440918,4.739999771118164,5.170000076293945,3397200.0
2022-05-31,5.050000190734863,5.090000152587891,4.389999866485596,4.420000076293945,4834500.0
2022-06-01,4.340000152587891,4.579999923706055,3.8299999237060547,3.9100000858306885,7038800.0
2022-06-02,3.9100000858306885,4.190000057220459,3.740000009536743,4.099999904632568,5328400.0
2022-06-03,4.130000114440918,4.610000133514404,4.050000190734863,4.400000095367432,3974500.0
2022-06-06,4.360000133514404,4.449999809265137,3.884999990463257,3.950000047683716,3418500.0
2022-06-07,3.930000066757202,4.255000114440918,3.9000000953674316,4.21999979019165,3873500.0
2022-06-08,4.159999847412109,5.090000152587891,4.119999885559082,5.010000228881836,7084600.0
2022-06-09,5.099999904632568,5.25,4.829999923706055,4.840000152587891,4695500.0
2022-06-10,4.829999923706055,4.960000038146973,4.449999809265137,4.590000152587891,2890800.0
2022-06-13,4.400000095367432,4.53000020980835,4.059999942779541,4.130000114440918,3872000.0
2022-06-14,4.139999866485596,4.190000057220459,3.680000066757202,3.8499999046325684,4145300.0
2022-06-15,3.9100000858306885,4.010000228881836,3.630000114440918,3.869999885559082,4283400.0
2022-06-16,3.7100000381469727,3.809999942779541,3.4800000190734863,3.740000009536743,3392600.0
2022-06-17,3.759999990463257,4.239999771118164,3.700000047683716,4.039999961853027,9083000.0
2022-06-21,4.139999866485596,4.570000171661377,4.139999866485596,4.300000190734863,3817500.0
2022-06-22,4.170000076293945,4.599999904632568,4.150000095367432,4.389999866485596,2774700.0
2022-06-23,4.440000057220459,4.630000114440918,4.320000171661377,4.630000114440918,4840300.0
2022-06-24,4.730000019073486,4.78000020980835,4.239999771118164,4.400000095367432,2658600.0
2022-06-27,4.340000152587891,4.449999809265137,4.181000232696533,4.340000152587891,1998000.0
2022-06-28,4.369999885559082,4.375,3.9600000381469727,4.059999942779541,2330500.0
2022-06-29,4.079999923706055,4.369999885559082,3.9700000286102295,4.320000171661377,2586600.0
2022-06-30,4.269999980926514,4.340000152587891,3.9800000190734863,4.25,1883000.0
2022-07-01,4.230000019073486,4.579999923706055,4.21999979019165,4.570000171661377,2336300.0
2022-07-05,4.440000057220459,5.260000228881836,4.420000076293945,5.25,4723500.0
2022-07-06,5.260000228881836,5.505000114440918,5.090000152587891,5.289999961853027,2944500.0
2022-07-07,5.28000020980835,5.704999923706055,5.230000019073486,5.53000020980835,2388600.0
2022-07-08,5.429999828338623,5.639999866485596,5.389999866485596,5.630000114440918,1608200.0
2022-07-11,5.559999942779541,5.659999847412109,5.099999904632568,5.190000057220459,2874800.0
2022-07-12,5.199999809265137,5.664999961853027,4.994999885559082,5.630000114440918,2518800.0
2022-07-13,5.440000057220459,6.179999828338623,5.429999828338623,6.079999923706055,2719200.0
2022-07-14,6.0,6.570000171661377,5.815000057220459,6.170000076293945,3248000.0
2022-07-15,6.304999828338623,6.320000171661377,5.570000171661377,6.199999809265137,2699600.0
2022-07-18,6.289999961853027,6.769999980926514,5.835000038146973,5.900000095367432,2856300.0
2022-07-19,5.920000076293945,6.355000019073486,5.71999979019165,6.300000190734863,2763900.0
2022-07-20,6.440000057220459,7.111000061035156,6.300000190734863,6.860000133514404,3438000.0
2022-07-21,6.840000152587891,6.877999782562256,6.460000038146973,6.659999847412109,1506200.0
2022-07-22,6.769999980926514,6.885000228881836,6.199999809265137,6.239999771118164,3463000.0
2022-07-25,6.230000019073486,6.480000019073486,6.050000190734863,6.449999809265137,1634000.0
2022-07-26,6.380000114440918,6.539999961853027,6.059999942779541,6.260000228881836,2170200.0
2022-07-27,6.300000190734863,6.730000019073486,6.144000053405762,6.650000095367432,2342900.0
2022-07-28,6.610000133514404,6.690000057220459,6.15500020980835,6.389999866485596,1695400.0
2022-07-29,6.340000152587891,6.389999866485596,5.849999904632568,5.989999771118164,2205400.0
2022-08-01,5.929999828338623,6.010000228881836,5.510000228881836,5.539999961853027,2673300.0
2022-08-02,5.53000020980835,5.914999961853027,5.420000076293945,5.760000228881836,1813400.0
2022-08-03,5.789999961853027,6.340000152587891,5.789999961853027,6.059999942779541,2109900.0
2022-08-04,6.099999904632568,6.539999961853027,6.090000152587891,6.449999809265137,2616400.0
2022-08-05,6.239999771118164,6.260000228881836,5.429999828338623,6.230000019073486,5386100.0
2022-08-08,6.480000019073486,7.559999942779541,6.409999847412109,7.519999980926514,5590900.0
2022-08-09,7.440000057220459,7.758999824523926,7.179999828338623,7.440000057220459,4027100.0
2022-08-10,7.699999809265137,8.229999542236328,7.46999979019165,7.960000038146973,3581200.0
2022-08-11,7.960000038146973,8.5,7.440000057220459,7.519999980926514,3701900.0
2022-08-12,7.679999828338623,8.524999618530273,7.619999885559082,8.3100004196167,4234900.0
2022-08-15,8.300000190734863,8.649999618530273,8.119999885559082,8.399999618530273,2358400.0
2022-08-16,8.430000305175781,8.430000305175781,7.735000133514404,7.78000020980835,3009700.0
2022-08-17,7.599999904632568,7.820000171661377,7.355000019073486,7.429999828338623,1966500.0
2022-08-18,7.480000019073486,7.489999771118164,6.910999774932861,7.309999942779541,2055100.0
2022-08-19,7.110000133514404,7.320000171661377,6.900000095367432,6.989999771118164,2181300.0
2022-08-22,6.900000095367432,7.110000133514404,6.409999847412109,6.670000076293945,2557800.0
2022-08-23,6.739999771118164,6.980000019073486,6.629000186920166,6.809999942779541,2045500.0
2022-08-24,6.840000152587891,7.53000020980835,6.789999961853027,7.480000019073486,2404400.0
2022-08-25,7.579999923706055,7.789999961853027,7.380000114440918,7.630000114440918,1781900.0
2022-08-26,7.710000038146973,7.730000019073486,6.639999866485596,6.760000228881836,2648300.0
2022-08-29,6.559999942779541,6.809999942779541,6.429999828338623,6.590000152587891,1841100.0
2022-08-30,6.730000019073486,6.929999828338623,6.349999904632568,6.769999980926514,2566000.0
2022-08-31,6.900000095367432,7.235000133514404,6.900000095367432,7.130000114440918,2092000.0
2022-09-01,7.070000171661377,7.380000114440918,6.735000133514404,7.360000133514404,2124500.0
2022-09-02,7.460000038146973,7.5,6.78000020980835,6.800000190734863,1960400.0
2022-09-06,6.659999847412109,6.800000190734863,5.679999828338623,5.820000171661377,3153000.0
2022-09-07,5.809999942779541,6.860000133514404,5.688000202178955,6.800000190734863,3154500.0
2022-09-08,6.599999904632568,7.079999923706055,6.579999923706055,6.949999809265137,1899300.0
2022-09-09,7.010000228881836,7.255000114440918,6.809999942779541,7.210000038146973,2059800.0
2022-09-12,7.190000057220459,7.739999771118164,7.050000190734863,7.599999904632568,2684700.0
2022-09-13,7.329999923706055,7.380000114440918,6.630000114440918,6.849999904632568,3971600.0
2022-09-14,6.829999923706055,7.105000019073486,6.409999847412109,7.079999923706055,3033300.0
2022-09-15,7.010000228881836,7.550000190734863,6.980000019073486,7.300000190734863,2221400.0
2022-09-16,7.099999904632568,7.139999866485596,6.610000133514404,6.789999961853027,6438500.0
2022-09-19,6.690000057220459,6.869999885559082,6.440000057220459,6.730000019073486,2117400.0
2022-09-20,6.650000095367432,6.855000019073486,6.519999980926514,6.590000152587891,1490600.0
2022-09-21,6.650000095367432,6.730000019073486,6.244999885559082,6.289999961853027,1834600.0
2022-09-22,6.21999979019165,6.224999904632568,5.980000019073486,6.090000152587891,2122800.0
2022-09-23,6.0,6.079999923706055,5.550000190734863,5.739999771118164,2584500.0
2022-09-26,5.71999979019165,6.190000057220459,5.550000190734863,5.579999923706055,2024200.0
2022-09-27,5.769999980926514,6.135000228881836,5.739999771118164,6.0,2488900.0
2022-09-28,6.190000057220459,6.590000152587891,6.099999904632568,6.489999771118164,2720200.0
2022-09-29,6.349999904632568,6.380000114440918,5.940000057220459,5.989999771118164,2460000.0
2022-09-30,5.940000057220459,6.420000076293945,5.860000133514404,5.920000076293945,2058200.0
2022-10-03,6.019999980926514,6.349999904632568,5.820000171661377,6.0,2123500.0
2022-10-04,6.170000076293945,6.510000228881836,6.130000114440918,6.440000057220459,2857900.0
2022-10-05,6.239999771118164,6.429999828338623,5.929999828338623,6.260000228881836,2041400.0
2022-10-06,6.199999809265137,6.369999885559082,6.0,6.150000095367432,1674000.0
2022-10-07,5.960000038146973,6.03000020980835,5.639999866485596,5.659999847412109,2445700.0
2022-10-10,5.630000114440918,5.630000114440918,5.210000038146973,5.21999979019165,1991700.0
2022-10-11,5.199999809265137,5.585000038146973,5.010000228881836,5.369999885559082,2734200.0
2022-10-12,5.380000114440918,5.710000038146973,5.230000019073486,5.690000057220459,1795900.0
2022-10-13,5.400000095367432,5.78000020980835,5.329999923706055,5.71999979019165,1654300.0
2022-10-14,5.815000057220459,5.880000114440918,5.400000095367432,5.429999828338623,1721600.0
2022-10-17,5.75,6.019999980926514,5.510000228881836,5.960000038146973,2284000.0
2022-10-18,6.150000095367432,6.210000038146973,5.565000057220459,5.710000038146973,2655000.0
2022-10-19,5.579999923706055,5.710000038146973,5.050000190734863,5.130000114440918,3780100.0
2022-10-20,5.099999904632568,5.40500020980835,4.974999904632568,5.010000228881836,1999700.0
2022-10-21,5.010000228881836,5.230000019073486,4.860000133514404,5.210000038146973,2025900.0
2022-10-24,5.239999771118164,5.244999885559082,4.875,5.090000152587891,1782100.0
2022-10-25,5.179999828338623,5.53000020980835,5.179999828338623,5.380000114440918,2620100.0
2022-10-26,5.329999923706055,5.920000076293945,5.329999923706055,5.53000020980835,2024400.0
2022-10-27,5.619999885559082,5.739999771118164,5.239999771118164,5.309999942779541,2464300.0
2022-10-28,5.369999885559082,5.739999771118164,5.190000057220459,5.71999979019165,2067000.0
2022-10-31,5.679999828338623,5.894999980926514,5.510000228881836,5.820000171661377,2308700.0
2022-11-01,5.980000019073486,6.355000019073486,5.900000095367432,6.28000020980835,3317100.0
2022-11-02,6.25,6.519999980926514,5.875,6.019999980926514,2368900.0
2022-11-03,5.929999828338623,6.28000020980835,5.78000020980835,5.880000114440918,1552400.0
2022-11-04,5.96999979019165,6.039999961853027,5.46999979019165,5.840000152587891,1964100.0
2022-11-07,5.840000152587891,6.059999942779541,5.590000152587891,5.659999847412109,1220600.0
2022-11-08,5.829999923706055,5.920000076293945,5.539999961853027,5.610000133514404,2255100.0
2022-11-09,5.5,5.650000095367432,5.159999847412109,5.159999847412109,2496200.0
2022-11-10,5.829999923706055,8.84000015258789,5.820000171661377,8.430000305175781,13150200.0
2022-11-11,8.34000015258789,9.600000381469727,8.300000190734863,9.34000015258789,6969700.0
2022-11-14,9.350000381469727,9.699999809265137,8.6899995803833,8.710000038146973,3786000.0
2022-11-15,9.229999542236328,9.5,8.710000038146973,8.8100004196167,3492400.0
2022-11-16,8.609999656677246,8.930000305175781,8.274999618530273,8.460000038146973,2425000.0
2022-11-17,8.279999732971191,8.59000015258789,8.079999923706055,8.319999694824219,1756600.0
2022-11-18,8.569999694824219,8.569999694824219,7.550000190734863,7.96999979019165,2879500.0
2022-11-21,7.840000152587891,8.4399995803833,7.705999851226807,8.289999961853027,2751300.0
2022-11-22,8.34000015258789,8.34000015258789,7.644999980926514,8.130000114440918,2119500.0
2022-11-23,8.130000114440918,8.3100004196167,8.074999809265137,8.170000076293945,1570600.0
2022-11-25,8.020000457763672,8.248000144958496,7.949999809265137,8.109999656677246,609500.0
2022-11-28,8.119999885559082,8.335000038146973,7.925000190734863,7.980000019073486,1663300.0
2022-11-29,8.0,8.279999732971191,7.894999980926514,8.130000114440918,1810600.0
2022-11-30,8.1899995803833,8.850000381469727,8.130000114440918,8.819999694824219,3138700.0
2022-12-01,8.880000114440918,8.880000114440918,7.802999973297119,8.020000457763672,3615000.0
2022-12-02,7.980000019073486,8.824999809265137,7.650000095367432,8.770000457763672,3452500.0
2022-12-05,8.729999542236328,8.779999732971191,8.079999923706055,8.15999984741211,3698100.0
2022-12-06,8.199999809265137,8.569999694824219,8.038000106811523,8.369999885559082,2347900.0
2022-12-07,8.270000457763672,8.519000053405762,8.020000457763672,8.3100004196167,1854900.0
2022-12-08,8.461999893188477,8.717000007629395,8.130000114440918,8.199999809265137,2223000.0
2022-12-09,8.199999809265137,8.338000297546387,7.480000019073486,7.519999980926514,4501500.0
2022-12-12,7.559999942779541,8.680000305175781,7.409999847412109,8.5600004196167,5127000.0
2022-12-13,8.9399995803833,9.119999885559082,8.475000381469727,9.0600004196167,3290400.0
2022-12-14,9.0600004196167,9.329999923706055,8.805000305175781,9.149999618530273,3328500.0
2022-12-15,8.970000267028809,9.069999694824219,8.550000190734863,8.619999885559082,3452400.0
2022-12-16,8.460000038146973,8.59000015258789,7.5,7.920000076293945,9655600.0
2022-12-19,8.050000190734863,8.170000076293945,7.614999771118164,8.039999961853027,3249300.0
2022-12-20,7.96999979019165,8.670000076293945,7.880000114440918,8.579999923706055,3167300.0
2022-12-21,8.680000305175781,9.529999732971191,8.550000190734863,8.829999923706055,4526700.0
2022-12-22,8.800000190734863,8.859999656677246,8.140000343322754,8.579999923706055,3425600.0
2022-12-23,8.680000305175781,8.710000038146973,7.760000228881836,8.119999885559082,3884800.0
2022-12-27,8.1899995803833,8.418999671936035,7.769999980926514,7.820000171661377,4984700.0
2022-12-28,7.900000095367432,11.479999542236328,6.880000114440918,8.460000038146973,31685900.0
2022-12-29,9.180000305175781,11.116000175476074,8.710000038146973,10.399999618530273,32775500.0
2022-12-30,10.90999984741211,11.880000114440918,10.40999984741211,11.829999923706055,23156700.0
2023-01-03,12.045000076293945,12.239999771118164,11.270000457763672,11.569999694824219,9038700.0
2023-01-04,11.699999809265137,11.699999809265137,10.479999542236328,10.720000267028809,9109100.0
2023-01-05,10.5600004196167,10.637999534606934,10.0,10.229999542236328,6395200.0
2023-01-06,10.25,11.079999923706055,10.050000190734863,10.800000190734863,5532500.0
2023-01-09,11.069999694824219,12.350000381469727,10.84000015258789,11.649999618530273,9496600.0
2023-01-10,11.569999694824219,12.09000015258789,11.319999694824219,12.069999694824219,5376700.0
2023-01-11,12.050000190734863,13.875,11.90999984741211,13.119999885559082,9228900.0
2023-01-12,13.229999542236328,13.34000015258789,12.649999618530273,13.199999809265137,5413300.0
2023-01-13,12.989999771118164,13.895000457763672,12.989999771118164,13.630000114440918,5242500.0
2023-01-17,13.430000305175781,13.579999923706055,12.770000457763672,12.880000114440918,4673000.0
2023-01-18,13.0,13.149999618530273,11.880000114440918,11.90999984741211,4464300.0
2023-01-19,11.8100004196167,12.25,11.645000457763672,11.819999694824219,2800000.0
2023-01-20,12.0,12.399999618530273,11.800000190734863,12.34000015258789,3915800.0
2023-01-23,12.34000015258789,12.694999694824219,12.064000129699707,12.6899995803833,3104400.0
2023-01-24,13.180000305175781,14.670000076293945,12.873000144958496,14.470000267028809,7569000.0
2023-01-25,14.039999961853027,14.670000076293945,13.880000114440918,14.229999542236328,4235400.0
2023-01-26,14.479999542236328,14.529999732971191,13.710000038146973,14.149999618530273,3833900.0
2023-01-27,14.100000381469727,14.850000381469727,13.710000038146973,14.630000114440918,4000500.0
2023-01-30,14.430000305175781,14.800000190734863,14.182000160217285,14.5,2667900.0
2023-01-31,14.550000190734863,15.364999771118164,14.489999771118164,15.229999542236328,3804000.0
2023-02-01,15.229999542236328,17.280000686645508,15.071000099182129,16.770000457763672,9073500.0
2023-02-02,16.850000381469727,18.15999984741211,16.75,17.969999313354492,6957000.0
2023-02-03,17.469999313354492,18.309999465942383,17.110000610351562,17.360000610351562,4344400.0
2023-02-06,17.510000228881836,18.68000030517578,16.91200065612793,18.479999542236328,4008100.0
2023-02-07,18.729999542236328,19.1200008392334,17.530000686645508,18.43000030517578,4450000.0
2023-02-08,18.530000686645508,18.959999084472656,17.59000015258789,17.899999618530273,3198100.0
2023-02-09,18.059999465942383,18.360000610351562,17.334999084472656,17.520000457763672,3457600.0
2023-02-10,17.549999237060547,18.100000381469727,16.940000534057617,17.899999618530273,3956500.0
2023-02-13,17.899999618530273,18.56999969482422,17.3700008392334,18.389999389648438,2948500.0
2023-02-14,18.040000915527344,19.1200008392334,17.860000610351562,19.0,5137800.0
2023-02-15,18.809999465942383,19.59000015258789,18.549999237060547,19.34000015258789,3972000.0
2023-02-16,19.0,19.104999542236328,18.1299991607666,18.290000915527344,4856600.0
2023-02-17,18.31999969482422,18.3799991607666,17.709999084472656,18.040000915527344,2521900.0
2023-02-21,17.530000686645508,17.75,16.19499969482422,16.270000457763672,5113500.0
2023-02-22,16.399999618530273,16.934999465942383,16.309999465942383,16.899999618530273,3109200.0
2023-02-23,16.969999313354492,17.0,16.18000030517578,16.450000762939453,3082200.0
2023-02-24,16.040000915527344,16.23200035095215,15.619999885559082,15.699999809265137,3456400.0
2023-02-27,16.0,16.079999923706055,15.449999809265137,15.930000305175781,4448900.0
2023-02-28,14.789999961853027,16.780000686645508,14.300000190734863,16.020000457763672,4423500.0
2023-03-01,16.149999618530273,16.204999923706055,15.010000228881836,15.319999694824219,4183000.0
2023-03-02,14.989999771118164,15.984999656677246,14.9399995803833,15.869999885559082,2233600.0
2023-03-03,16.020000457763672,17.350000381469727,15.850000381469727,17.170000076293945,3631700.0
2023-03-06,17.229999542236328,17.510000228881836,16.899999618530273,17.479999542236328,2887100.0
2023-03-07,17.559999465942383,18.100000381469727,17.31999969482422,17.43000030517578,3260700.0
2023-03-08,17.329999923706055,17.62299919128418,17.06999969482422,17.469999313354492,2677700.0
2023-03-09,17.6200008392334,17.809999465942383,16.6299991607666,16.729999542236328,2628400.0
2023-03-10,15.899999618530273,15.899999618530273,13.430000305175781,14.079999923706055,9808300.0
2023-03-13,13.899999618530273,15.529999732971191,13.770000457763672,15.0600004196167,5256300.0
2023-03-14,15.380000114440918,15.5600004196167,14.5,14.880000114440918,3029700.0
2023-03-15,14.649999618530273,14.84000015258789,14.015000343322754,14.789999961853027,2827900.0
2023-03-16,14.779999732971191,14.960000038146973,13.970000267028809,14.65999984741211,2517400.0
2023-03-17,14.649999618530273,15.09000015258789,14.479999542236328,14.789999961853027,7375700.0
2023-03-20,14.920000076293945,14.930000305175781,14.369999885559082,14.600000381469727,3294000.0
2023-03-21,14.829999923706055,15.3100004196167,14.699999809265137,14.920000076293945,2653600.0
2023-03-22,14.539999961853027,14.885000228881836,14.065999984741211,14.25,3796600.0
2023-03-23,14.460000038146973,15.109999656677246,14.350000381469727,14.90999984741211,3300000.0
2023-03-24,14.8100004196167,14.930000305175781,14.229999542236328,14.699999809265137,1933600.0
2023-03-27,14.899999618530273,15.279999732971191,14.619999885559082,15.0,4279600.0
2023-03-28,14.859999656677246,15.039999961853027,14.640000343322754,14.649999618530273,1773600.0
2023-03-29,14.859999656677246,15.0,14.510000228881836,14.850000381469727,1853700.0
2023-03-30,15.0,15.0600004196167,14.265000343322754,14.630000114440918,2767700.0
2023-03-31,14.989999771118164,15.289999961853027,14.319999694824219,15.039999961853027,4565500.0
2023-04-03,15.010000228881836,16.59000015258789,14.90999984741211,16.56999969482422,4110100.0
2023-04-04,16.65999984741211,17.469999313354492,16.010000228881836,16.43000030517578,3925900.0
2023-04-05,16.239999771118164,16.6299991607666,15.369999885559082,15.710000038146973,3034900.0
2023-04-06,15.720000267028809,15.800000190734863,15.260000228881836,15.479999542236328,2580600.0
2023-04-10,17.020000457763672,19.239999771118164,16.895000457763672,19.010000228881836,12659900.0
2023-04-11,19.440000534057617,22.90999984741211,19.399999618530273,21.93000030517578,14607000.0
2023-04-12,22.040000915527344,22.299999237060547,19.979999542236328,20.06999969482422,5969900.0
2023-04-13,20.15999984741211,20.972000122070312,20.0,20.149999618530273,3656700.0
2023-04-14,19.90999984741211,20.350000381469727,19.5,20.31999969482422,2654500.0
2023-04-17,20.479999542236328,21.100000381469727,19.920000076293945,20.549999237060547,3516700.0
2023-04-18,20.774999618530273,21.25,20.149999618530273,21.184999465942383,2420400.0
2023-04-19,20.764999389648438,22.0,20.764999389648438,21.899999618530273,3269000.0
2023-04-20,21.5,21.690000534057617,21.142000198364258,21.389999389648438,2357100.0
2023-04-21,21.459999084472656,22.6200008392334,21.360000610351562,22.149999618530273,3732300.0
2023-04-24,22.139999389648438,22.889999389648438,22.030000686645508,22.6299991607666,2776800.0
2023-04-25,22.649999618530273,24.5,21.860000610351562,22.3799991607666,5062400.0
2023-04-26,22.329999923706055,23.049999237060547,22.0,22.100000381469727,2329700.0
2023-04-27,22.299999237060547,23.899999618530273,22.100000381469727,23.329999923706055,4535000.0
2023-04-28,23.100000381469727,25.350000381469727,22.84000015258789,24.829999923706055,4955200.0
2023-05-01,25.5,30.959999084472656,25.1200008392334,30.639999389648438,14930000.0
2023-05-02,30.81999969482422,32.29999923706055,30.010000228881836,31.15999984741211,7313000.0
2023-05-03,31.450000762939453,35.4900016784668,31.350000381469727,34.869998931884766,10625100.0
2023-05-04,34.849998474121094,35.66999816894531,33.40999984741211,35.0,5389800.0
2023-05-05,35.0,35.31999969482422,33.599998474121094,34.290000915527344,5034500.0
2023-05-08,34.09000015258789,34.209999084472656,32.130001068115234,33.099998474121094,4599100.0
2023-05-09,32.95000076293945,33.380001068115234,32.18000030517578,32.630001068115234,4714700.0
2023-05-10,34.43000030517578,35.220001220703125,33.689998626708984,34.790000915527344,4041800.0
2023-05-11,34.11000061035156,34.79999923706055,33.11000061035156,33.709999084472656,3601600.0
2023-05-12,33.52000045776367,33.58000183105469,30.459999084472656,30.889999389648438,5892200.0
2023-05-15,30.899999618530273,31.920000076293945,30.34000015258789,31.149999618530273,3013100.0
2023-05-16,29.670000076293945,30.84000015258789,29.15999984741211,30.389999389648438,3009700.0
2023-05-17,30.420000076293945,31.809999465942383,30.030000686645508,31.6299991607666,2153700.0
2023-05-18,31.1200008392334,31.538000106811523,29.90999984741211,30.639999389648438,2581200.0
2023-05-19,30.75,30.84000015258789,29.520000457763672,29.950000762939453,2537500.0
2023-05-22,29.90999984741211,30.065000534057617,28.454999923706055,28.579999923706055,3665300.0
2023-05-23,28.579999923706055,29.6299991607666,28.540000915527344,28.760000228881836,2079700.0
2023-05-24,28.290000915527344,28.549999237060547,27.652000427246094,27.969999313354492,2253400.0
2023-05-25,28.0,28.0,25.950000762939453,27.030000686645508,3474700.0
2023-05-26,27.09000015258789,27.420000076293945,26.729999542236328,27.200000762939453,2583500.0
2023-05-30,27.360000610351562,28.0,24.809999465942383,25.489999771118164,5202100.0
2023-05-31,25.420000076293945,27.209999084472656,25.375,26.6299991607666,4352800.0
2023-06-01,26.75,28.219999313354492,26.020000457763672,27.415000915527344,2849100.0
2023-06-02,27.600000381469727,27.75,26.204999923706055,26.559999465942383,2547400.0
2023-06-05,26.209999084472656,27.309999465942383,25.760000228881836,25.850000381469727,3880800.0
2023-06-06,25.559999465942383,26.899999618530273,25.229999542236328,26.489999771118164,2057700.0
2023-06-07,26.5,27.729999542236328,25.709999084472656,27.0,3244300.0
2023-06-08,27.0,29.31999969482422,26.899999618530273,28.979999542236328,5180400.0
2023-06-09,29.040000915527344,29.139999389648438,27.145000457763672,27.459999084472656,6978400.0
2023-06-12,27.719999313354492,27.860000610351562,26.139999389648438,26.200000762939453,3360400.0
2023-06-13,26.309999465942383,27.829999923706055,26.309999465942383,27.479999542236328,2262000.0
2023-06-14,27.31999969482422,27.579999923706055,26.510000228881836,27.18000030517578,2039200.0
2023-06-15,26.93000030517578,26.974000930786133,26.360000610351562,26.479999542236328,2356600.0
2023-06-16,27.0,27.799999237060547,25.5,25.670000076293945,7992100.0
2023-06-20,25.5,25.510000228881836,23.670000076293945,24.219999313354492,3977700.0
2023-06-21,23.924999237060547,24.6299991607666,23.760000228881836,23.799999237060547,3105400.0
2023-06-22,23.639999389648438,24.399999618530273,23.510000228881836,23.709999084472656,2521800.0
2023-06-23,23.3700008392334,24.15999984741211,22.950000762939453,23.600000381469727,3629600.0
2023-06-26,24.139999389648438,24.670000076293945,22.790000915527344,22.8700008392334,2581600.0
2023-06-27,22.670000076293945,23.0049991607666,22.260000228881836,22.829999923706055,2540800.0
2023-06-28,23.049999237060547,24.155000686645508,22.700000762939453,24.020000457763672,3151500.0
2023-06-29,24.100000381469727,24.479999542236328,23.65999984741211,24.110000610351562,2263200.0
2023-06-30,24.5,25.280000686645508,24.0,24.84000015258789,2664300.0
2023-07-03,25.020000457763672,25.040000915527344,22.195999145507812,22.75,2602900.0
2023-07-05,22.780000686645508,23.829999923706055,22.770000457763672,23.100000381469727,2014800.0
2023-07-06,22.56999969482422,23.31999969482422,22.020000457763672,23.040000915527344,1800800.0
2023-07-07,25.06999969482422,25.93000030517578,24.690000534057617,24.959999084472656,5363500.0
2023-07-10,25.049999237060547,26.950000762939453,24.959999084472656,26.5,3573100.0
2023-07-11,26.600000381469727,26.600000381469727,25.020000457763672,25.399999618530273,2326600.0
2023-07-12,25.68000030517578,25.81999969482422,25.209999084472656,25.459999084472656,1981500.0
2023-07-13,23.0,24.3799991607666,21.010000228881836,21.75,13621600.0
2023-07-14,22.030000686645508,22.635000228881836,21.40999984741211,22.100000381469727,3674000.0
2023-07-17,22.100000381469727,22.59000015258789,21.3700008392334,21.479999542236328,3084900.0
2023-07-18,21.299999237060547,22.299999237060547,21.170000076293945,21.3700008392334,3316400.0
2023-07-19,21.260000228881836,21.760000228881836,20.899999618530273,21.239999771118164,2713300.0
2023-07-20,21.149999618530273,21.548999786376953,20.761999130249023,20.950000762939453,2045800.0
2023-07-21,21.09000015258789,21.149999618530273,20.295000076293945,20.6200008392334,3339100.0
2023-07-24,20.649999618530273,20.989999771118164,19.920000076293945,20.280000686645508,3698800.0
2023-07-25,20.239999771118164,20.420000076293945,19.700000762939453,20.139999389648438,3213900.0
2023-07-26,20.139999389648438,20.5,19.899999618530273,20.229999542236328,2724000.0
2023-07-27,20.5,20.739999771118164,19.75,19.81999969482422,4945900.0
2023-07-28,20.260000228881836,20.350000381469727,19.639999389648438,19.700000762939453,3136300.0
2023-07-31,19.940000534057617,20.93000030517578,19.559999465942383,20.690000534057617,7137300.0
2023-08-01,11.880000114440918,12.0,9.579999923706055,10.489999771118164,37898000.0
2023-08-02,10.670000076293945,11.229999542236328,10.319999694824219,10.550000190734863,12895300.0
2023-08-03,10.59000015258789,11.829999923706055,10.539999961853027,11.199999809265137,12951800.0
2023-08-04,11.15999984741211,11.34000015258789,10.479999542236328,10.710000038146973,6314000.0
2023-08-07,10.649999618530273,10.699999809265137,9.859999656677246,10.100000381469727,8563200.0
2023-08-08,10.0,10.069999694824219,9.53499984741211,9.649999618530273,8397800.0
2023-08-09,9.649999618530273,9.822999954223633,9.510000228881836,9.680000305175781,4412300.0
2023-08-10,9.720000267028809,9.819999694824219,9.510000228881836,9.699999809265137,3834600.0
2023-08-11,9.180000305175781,10.319999694824219,9.149999618530273,10.130000114440918,7479800.0
2023-08-14,10.079999923706055,11.430000305175781,9.649999618530273,11.100000381469727,11594700.0
2023-08-15,11.079999923706055,11.800000190734863,10.84000015258789,11.529999732971191,5382000.0
2023-08-16,11.520000457763672,11.520000457763672,10.619999885559082,10.75,4347000.0
2023-08-17,10.8100004196167,10.967000007629395,10.3100004196167,10.390000343322754,3552800.0
2023-08-18,10.300000190734863,10.680000305175781,10.229999542236328,10.350000381469727,3177100.0
2023-08-21,10.300000190734863,10.470000267028809,10.020000457763672,10.369999885559082,3164700.0
2023-08-22,10.399999618530273,10.680000305175781,10.265000343322754,10.550000190734863,3516700.0
2023-08-23,10.579999923706055,10.84000015258789,10.475000381469727,10.529999732971191,2914100.0
2023-08-24,10.550000190734863,10.550000190734863,10.039999961853027,10.359999656677246,3073600.0
2023-08-25,10.329999923706055,10.699999809265137,10.265000343322754,10.479999542236328,2810100.0
2023-08-28,10.510000228881836,10.529999732971191,10.079999923706055,10.270000457763672,2603900.0
2023-08-29,10.25,10.579999923706055,10.239999771118164,10.460000038146973,3222600.0
2023-08-30,10.460000038146973,10.835000038146973,10.225000381469727,10.59000015258789,3229500.0
2023-08-31,10.59000015258789,10.710000038146973,10.390000343322754,10.470000267028809,2040400.0
2023-09-01,10.520000457763672,10.805000305175781,10.520000457763672,10.609999656677246,2381700.0
2023-09-05,10.520000457763672,10.949000358581543,10.510000228881836,10.680000305175781,2985300.0
2023-09-06,10.65999984741211,11.279999732971191,10.529999732971191,11.050000190734863,5813800.0
2023-09-07,10.920000076293945,11.399999618530273,10.878999710083008,11.289999961853027,3350000.0
2023-09-08,10.989999771118164,11.0,10.15999984741211,10.390000343322754,7077700.0
2023-09-11,10.479999542236328,10.720000267028809,10.229999542236328,10.619999885559082,3948800.0
2023-09-12,10.510000228881836,10.920000076293945,10.449999809265137,10.710000038146973,2942500.0
2023-09-13,10.720000267028809,10.850000381469727,10.130000114440918,10.130000114440918,3384400.0
2023-09-14,10.149999618530273,10.364999771118164,10.029999732971191,10.1899995803833,2398100.0
2023-09-15,10.1899995803833,10.310999870300293,9.970000267028809,10.140000343322754,11312200.0
2023-09-18,10.0,10.074999809265137,9.359999656677246,9.510000228881836,5935400.0
2023-09-19,9.489999771118164,9.6850004196167,9.335000038146973,9.59000015258789,2707400.0
2023-09-20,9.59000015258789,9.65999984741211,9.289999961853027,9.300000190734863,2643900.0
2023-09-21,9.239999771118164,9.359999656677246,9.029999732971191,9.25,3237900.0
2023-09-22,9.270000457763672,9.510000228881836,9.130000114440918,9.140000343322754,2542300.0
2023-09-25,9.010000228881836,9.206000328063965,8.85099983215332,8.979999542236328,3730700.0
2023-09-26,9.010000228881836,9.359999656677246,8.59000015258789,8.770000457763672,4580100.0
2023-09-27,8.8100004196167,9.031000137329102,8.505000114440918,8.819999694824219,3217800.0
2023-09-28,8.819999694824219,8.859999656677246,8.545000076293945,8.770000457763672,2218300.0
2023-09-29,8.8100004196167,8.890000343322754,8.140000343322754,8.359999656677246,5645100.0
2023-10-02,8.449999809265137,8.449999809265137,7.985000133514404,8.15999984741211,3394700.0
2023-10-03,8.15999984741211,8.220000267028809,7.789999961853027,7.960000038146973,2690000.0
2023-10-04,7.920000076293945,7.934999942779541,7.71999979019165,7.75,2261800.0
2023-10-05,7.75,8.085000038146973,7.630000114440918,7.900000095367432,3999900.0
2023-10-06,7.78000020980835,7.96999979019165,7.420000076293945,7.78000020980835,4257100.0
2023-10-09,7.400000095367432,7.510000228881836,7.125,7.159999847412109,4474000.0
2023-10-10,7.159999847412109,7.599999904632568,7.159999847412109,7.409999847412109,3634100.0
2023-10-11,7.630000114440918,7.760000228881836,7.119999885559082,7.289999961853027,4036100.0
2023-10-12,7.170000076293945,7.210000038146973,6.849999904632568,6.940000057220459,3737500.0
2023-10-13,6.949999809265137,7.0,6.53000020980835,6.690000057220459,4877300.0
2023-10-16,6.650000095367432,6.860000133514404,6.460000038146973,6.800000190734863,3512100.0
2023-10-17,6.699999809265137,7.03000020980835,6.659999847412109,6.84499979019165,4095800.0
2023-10-18,6.800000190734863,6.860000133514404,6.579999923706055,6.840000152587891,5042100.0
2023-10-19,6.889999866485596,7.159999847412109,6.630000114440918,6.679999828338623,10392400.0
2023-10-20,6.679999828338623,6.820000171661377,6.525000095367432,6.75,4382800.0
2023-10-23,6.679999828338623,6.849999904632568,6.519999980926514,6.690000057220459,4261100.0
2023-10-24,6.769999980926514,7.650000095367432,6.769999980926514,7.409999847412109,5629000.0
2023-10-25,7.400000095367432,7.458000183105469,6.909999847412109,7.019999980926514,5225400.0
2023-10-26,7.070000171661377,7.230000019073486,6.920000076293945,7.199999809265137,3374100.0
2023-10-27,7.260000228881836,7.260000228881836,6.889999866485596,6.960000038146973,5110000.0
2023-10-30,7.0,7.940000057220459,6.980000019073486,7.389999866485596,6247500.0
2023-10-31,7.340000152587891,7.860000133514404,7.170000076293945,7.730000019073486,6437400.0
2023-11-01,10.1899995803833,11.4399995803833,9.34000015258789,10.119999885559082,50843300.0
2023-11-02,10.119999885559082,11.239999771118164,9.869999885559082,10.40999984741211,16698600.0
2023-11-03,10.869999885559082,11.5600004196167,10.562000274658203,11.0600004196167,13826900.0
2023-11-06,11.100000381469727,11.170000076293945,10.050000190734863,10.25,7420000.0
2023-11-07,10.319999694824219,10.96500015258789,10.130999565124512,10.829999923706055,4916100.0
2023-11-08,10.869999885559082,11.428999900817871,10.710000038146973,10.789999961853027,5920400.0
2023-11-09,10.729999542236328,10.774999618530273,10.010000228881836,10.140000343322754,4822400.0
2023-11-10,10.229999542236328,10.470000267028809,10.119999885559082,10.220000267028809,3471200.0
2023-11-13,10.15999984741211,10.274999618530273,9.8100004196167,10.25,3406800.0
2023-11-14,10.829999923706055,11.069999694824219,10.420999526977539,10.949999809265137,4545700.0
2023-11-15,10.930000305175781,12.010000228881836,10.8149995803833,11.270000457763672,6844100.0
2023-11-16,11.395000457763672,11.420000076293945,10.979999542236328,11.260000228881836,3950200.0
2023-11-17,11.350000381469727,12.100000381469727,11.277999877929688,12.069999694824219,5523000.0
2023-11-20,12.199999809265137,12.880000114440918,11.859999656677246,12.819999694824219,6249800.0
2023-11-21,12.619999885559082,13.170000076293945,12.25,12.319999694824219,5142100.0
2023-11-22,12.479999542236328,12.954999923706055,12.260000228881836,12.670000076293945,3589500.0
2023-11-24,12.65999984741211,13.0600004196167,12.539999961853027,12.789999961853027,1597100.0
2023-11-27,12.654999732971191,12.847000122070312,12.300000190734863,12.680000305175781,2469500.0
2023-11-28,12.470000267028809,12.670000076293945,12.324999809265137,12.630000114440918,3380400.0
2023-11-29,12.75,13.199999809265137,12.470000267028809,12.489999771118164,3174600.0
2023-11-30,12.670000076293945,13.829999923706055,12.65999984741211,12.8100004196167,6732600.0
2023-12-01,12.760000228881836,13.84000015258789,12.369999885559082,13.829999923706055,5590700.0
2023-12-04,13.75,14.430000305175781,13.460000038146973,14.420000076293945,4808400.0
2023-12-05,14.260000228881836,14.789999961853027,14.069999694824219,14.319999694824219,3664200.0
2023-12-06,14.930000305175781,16.704999923706055,14.8100004196167,16.450000762939453,8758100.0
2023-12-07,16.559999465942383,16.989999771118164,15.979999542236328,16.030000686645508,5435300.0
2023-12-08,16.200000762939453,16.700000762939453,15.640000343322754,15.720000267028809,4324300.0
2023-12-11,15.59000015258789,15.619999885559082,14.930000305175781,15.210000038146973,4486200.0
2023-12-12,15.210000038146973,15.930000305175781,14.979999542236328,15.739999771118164,3746400.0
2023-12-13,15.579999923706055,16.700000762939453,15.569999694824219,16.690000534057617,5238900.0
2023-12-14,17.209999084472656,18.06999969482422,17.040000915527344,18.0,7255100.0
2023-12-15,18.1200008392334,18.559999465942383,17.559999465942383,18.479999542236328,9520500.0
2023-12-18,18.579999923706055,18.65999984741211,18.020000457763672,18.190000534057617,4376600.0
2023-12-19,18.5,18.875,18.110000610351562,18.809999465942383,4192000.0
2023-12-20,18.59000015258789,18.69499969482422,17.15999984741211,17.209999084472656,4881100.0
2023-12-21,17.75,17.940000534057617,16.885000228881836,17.149999618530273,7281600.0
2023-12-22,17.200000762939453,17.799999237060547,16.90999984741211,17.0,6077000.0
2023-12-26,17.209999084472656,17.34000015258789,16.610000610351562,16.989999771118164,4888700.0
2023-12-27,17.020000457763672,17.290000915527344,16.59000015258789,17.049999237060547,3143700.0
2023-12-28,17.040000915527344,17.969999313354492,16.899999618530273,17.6200008392334,6248600.0
2023-12-29,17.510000228881836,17.78499984741211,16.969999313354492,17.079999923706055,3824900.0
2024-01-02,16.729999542236328,17.3700008392334,16.3799991607666,17.040000915527344,3607400.0
2024-01-03,16.700000762939453,17.229999542236328,16.440000534057617,16.90999984741211,4648400.0
2024-01-04,16.860000610351562,18.2450008392334,16.700000762939453,18.020000457763672,5500200.0
2024-01-05,17.56999969482422,19.799999237060547,17.559999465942383,19.649999618530273,8547300.0
2024-01-08,19.709999084472656,21.559999465942383,19.709999084472656,21.299999237060547,7150700.0
2024-01-09,19.549999237060547,21.31999969482422,19.399999618530273,21.010000228881836,7981100.0
2024-01-10,22.549999237060547,22.670000076293945,16.832000732421875,17.770000457763672,24275500.0
2024-01-11,17.68000030517578,18.530000686645508,17.149999618530273,17.219999313354492,7296200.0
2024-01-12,17.219999313354492,17.34000015258789,15.680000305175781,15.770000457763672,8221800.0
2024-01-16,15.5,15.529999732971191,14.920000076293945,15.15999984741211,6069300.0
2024-01-17,14.739999771118164,15.3149995803833,14.545000076293945,15.300000190734863,5166500.0
2024-01-18,15.380000114440918,15.390000343322754,14.869999885559082,15.140000343322754,3177200.0
2024-01-19,15.170000076293945,15.350000381469727,14.829999923706055,15.069999694824219,3698200.0
2024-01-22,15.1899995803833,16.2549991607666,15.050000190734863,16.219999313354492,4790200.0
2024-01-23,16.350000381469727,16.416000366210938,15.4350004196167,15.8100004196167,3881200.0
2024-01-24,16.25,16.3700008392334,15.5649995803833,15.670000076293945,3742600.0
2024-01-25,15.6899995803833,16.219999313354492,15.65999984741211,15.979999542236328,2635700.0
2024-01-26,16.030000686645508,16.209999084472656,15.789999961853027,15.800000190734863,5341400.0
2024-01-29,15.829999923706055,16.280000686645508,15.605999946594238,16.25,3204300.0
2024-01-30,16.18000030517578,16.28499984741211,15.899999618530273,16.170000076293945,2133500.0
2024-01-31,16.100000381469727,17.059999465942383,15.829999923706055,16.239999771118164,5574100.0
2024-02-01,16.389999389648438,17.110000610351562,15.979999542236328,16.8799991607666,3256900.0
2024-02-02,16.5,16.709999084472656,16.25,16.459999084472656,2513700.0
2024-02-05,16.479999542236328,16.520000457763672,14.640000343322754,15.3100004196167,6843200.0
2024-02-06,15.25,15.57800006866455,14.914999961853027,15.350000381469727,3654000.0
2024-02-07,15.350000381469727,15.350000381469727,14.359999656677246,14.369999885559082,3750400.0
2024-02-08,14.319999694824219,14.819000244140625,13.960000038146973,14.640000343322754,3950400.0
2024-02-09,14.829999923706055,15.095000267028809,14.604000091552734,14.739999771118164,3808800.0
2024-02-12,14.90999984741211,15.1899995803833,14.680000305175781,15.180000305175781,3759200.0
2024-02-13,14.479999542236328,14.5600004196167,13.800000190734863,13.930000305175781,4865300.0
2024-02-14,14.25,14.385000228881836,13.899999618530273,14.1899995803833,2827200.0
2024-02-15,14.350000381469727,14.619999885559082,14.104999542236328,14.399999618530273,2564000.0
2024-02-16,14.210000038146973,14.229999542236328,13.8100004196167,13.829999923706055,2821600.0
2024-02-20,13.75,13.854999542236328,13.164999961853027,13.229999542236328,3879100.0
2024-02-21,13.010000228881836,13.279999732971191,12.84000015258789,13.020000457763672,3085200.0
2024-02-22,13.130000114440918,13.602999687194824,12.899999618530273,13.4399995803833,3681300.0
2024-02-23,13.359999656677246,13.5600004196167,13.1899995803833,13.319999694824219,2402900.0
2024-02-26,13.5,13.725000381469727,13.0,13.359999656677246,4995200.0
2024-02-27,13.819999694824219,14.0649995803833,13.350000381469727,13.90999984741211,6059000.0
2024-02-28,16.18000030517578,18.889999389648438,15.899999618530273,17.6299991607666,16649200.0
2024-02-29,17.850000381469727,18.079999923706055,16.889999389648438,17.219999313354492,6206300.0
2024-03-01,17.540000915527344,18.3799991607666,17.43000030517578,17.959999084472656,4850600.0
2024-03-04,17.93000030517578,18.2549991607666,17.399999618530273,17.8700008392334,5326000.0
2024-03-05,17.59000015258789,18.1299991607666,17.489999771118164,18.079999923706055,2876100.0
2024-03-06,18.34000015258789,18.969999313354492,17.969999313354492,18.229999542236328,3351700.0
2024-03-07,18.360000610351562,19.01799964904785,17.934999465942383,18.0,2891300.0
2024-03-08,18.209999084472656,18.290000915527344,16.614999771118164,16.780000686645508,5254500.0
2024-03-11,16.709999084472656,16.979999542236328,16.149999618530273,16.3700008392334,3392600.0
2024-03-12,16.299999237060547,16.6299991607666,15.739999771118164,15.84000015258789,2868700.0
2024-03-13,15.770000457763672,16.030000686645508,15.625,15.729999542236328,2677600.0
2024-03-14,15.5600004196167,15.739999771118164,15.069999694824219,15.359999656677246,3483600.0
2024-03-15,15.260000228881836,15.670000076293945,15.09000015258789,15.220000267028809,4006100.0
2024-03-18,15.09000015258789,15.289999961853027,14.510000228881836,15.050000190734863,2670500.0
2024-03-19,15.050000190734863,15.574999809265137,14.949999809265137,15.329999923706055,2617900.0
2024-03-20,15.199999809265137,15.4399995803833,14.883999824523926,15.369999885559082,2094400.0
2024-03-21,15.550000190734863,15.789999961853027,15.095000267028809,15.25,2156200.0
2024-03-22,15.239999771118164,15.755000114440918,15.029999732971191,15.489999771118164,2044600.0
2024-03-25,15.460000038146973,15.819999694824219,15.399999618530273,15.6899995803833,1770900.0
2024-03-26,15.829999923706055,15.989999771118164,15.239999771118164,15.4399995803833,2651500.0
2024-03-27,15.550000190734863,15.614999771118164,15.055000305175781,15.569999694824219,1454700.0
2024-03-28,15.5600004196167,15.600000381469727,15.145000457763672,15.210000038146973,2328100.0
2024-04-01,15.130000114440918,15.180000305175781,14.649999618530273,14.770000457763672,2219600.0
2024-04-02,14.430000305175781,14.59000015258789,14.130000114440918,14.4399995803833,2768400.0
2024-04-03,14.390000343322754,14.588000297546387,14.039999961853027,14.470000267028809,2289300.0
2024-04-04,14.649999618530273,14.875,14.380000114440918,14.460000038146973,2635200.0
2024-04-05,14.359999656677246,14.645000457763672,14.1899995803833,14.520000457763672,2299600.0
2024-04-08,14.619999885559082,15.027000427246094,14.3100004196167,14.970000267028809,2003400.0
2024-04-09,15.15999984741211,15.369999885559082,14.97599983215332,15.100000381469727,1942900.0
2024-04-10,14.5600004196167,15.0649995803833,14.4399995803833,14.710000038146973,2985300.0
2024-04-11,14.8100004196167,14.989999771118164,14.585000038146973,14.760000228881836,2242300.0
2024-04-12,14.760000228881836,14.869999885559082,13.90999984741211,14.15999984741211,3880500.0
2024-04-15,14.149999618530273,14.574999809265137,13.944999694824219,14.069999694824219,2269300.0
2024-04-16,13.979999542236328,14.170000076293945,13.765000343322754,14.0,1614400.0
2024-04-17,14.0600004196167,14.140000343322754,13.550000190734863,13.819999694824219,3076500.0
2024-04-18,13.989999771118164,14.630000114440918,13.850000381469727,13.989999771118164,3483800.0
2024-04-19,13.869999885559082,14.015000343322754,13.260000228881836,13.779999732971191,3666000.0
2024-04-22,13.949999809265137,14.3100004196167,13.654999732971191,14.100000381469727,2273600.0
2024-04-23,14.170000076293945,14.5649995803833,14.170000076293945,14.25,3222800.0
2024-04-24,14.279999732971191,14.347000122070312,13.739999771118164,13.979999542236328,2725100.0
2024-04-25,13.5600004196167,13.984999656677246,13.289999961853027,13.90999984741211,3859900.0
2024-04-26,13.9399995803833,14.005000114440918,13.40999984741211,13.470000267028809,2840700.0
2024-04-29,13.65999984741211,13.850000381469727,13.220000267028809,13.319999694824219,2879600.0
2024-04-30,13.300000190734863,13.75,12.930000305175781,13.65999984741211,5206700.0
2024-05-01,17.149999618530273,18.0,14.869999885559082,15.880000114440918,18588100.0
2024-05-02,16.200000762939453,16.760000228881836,15.550999641418457,16.420000076293945,8549300.0
2024-05-03,16.75,17.0,15.960000038146973,16.190000534057617,4804400.0
2024-05-06,16.260000228881836,16.6299991607666,15.760000228881836,16.510000228881836,3778200.0
2024-05-07,16.5,17.280000686645508,16.420000076293945,17.18000030517578,4532300.0
2024-05-08,16.989999771118164,17.6299991607666,16.979999542236328,17.1200008392334,4230800.0
2024-05-09,17.229999542236328,17.34000015258789,16.829999923706055,16.920000076293945,2679100.0
2024-05-10,16.90999984741211,17.125,16.600000381469727,16.6200008392334,2226800.0
2024-05-13,16.75,17.56999969482422,16.6299991607666,17.31999969482422,4316600.0
2024-05-14,17.510000228881836,18.3700008392334,17.510000228881836,17.959999084472656,3738800.0
2024-05-15,18.290000915527344,18.40999984741211,17.6299991607666,17.719999313354492,3437500.0
2024-05-16,17.719999313354492,17.735000610351562,17.290000915527344,17.420000076293945,2024800.0
2024-05-17,17.459999084472656,17.520000457763672,16.334999084472656,16.479999542236328,3268600.0
2024-05-20,16.6200008392334,16.64900016784668,16.225000381469727,16.479999542236328,3016000.0
2024-05-21,16.3799991607666,16.739999771118164,16.350000381469727,16.600000381469727,1448800.0
2024-05-22,16.549999237060547,17.874000549316406,16.540000915527344,17.700000762939453,3080600.0
2024-05-23,17.709999084472656,17.709999084472656,16.950000762939453,16.979999542236328,1990200.0
2024-05-24,17.1299991607666,17.155000686645508,16.600000381469727,16.709999084472656,1298100.0
2024-05-28,16.809999465942383,16.8799991607666,16.360000610351562,16.850000381469727,3210700.0
2024-05-29,16.6299991607666,16.790000915527344,16.290000915527344,16.360000610351562,1594600.0
2024-05-30,16.579999923706055,17.0,16.420000076293945,16.889999389648438,1768600.0
2024-05-31,16.989999771118164,17.149999618530273,16.229999542236328,16.299999237060547,1946000.0
2024-06-03,16.520000457763672,16.610000610351562,15.9399995803833,16.329999923706055,2529600.0
2024-06-04,16.260000228881836,16.3700008392334,15.989999771118164,16.209999084472656,1557300.0
2024-06-05,16.260000228881836,16.950000762939453,16.079999923706055,16.530000686645508,1718800.0
2024-06-06,16.420000076293945,16.940000534057617,15.729999542236328,15.8100004196167,2536900.0
2024-06-07,15.720000267028809,15.9399995803833,15.350000381469727,15.850000381469727,1909100.0
2024-06-10,15.5600004196167,15.949999809265137,15.15999984741211,15.899999618530273,2788000.0
2024-06-11,15.789999961853027,16.235000610351562,15.630000114440918,16.149999618530273,1984700.0
2024-06-12,16.530000686645508,17.670000076293945,16.399999618530273,16.809999465942383,2902300.0
2024-06-13,16.799999237060547,17.108999252319336,16.649999618530273,16.760000228881836,1579200.0
2024-06-14,16.639999389648438,16.969999313354492,16.235000610351562,16.549999237060547,1906300.0
2024-06-17,16.459999084472656,16.729999542236328,16.211000442504883,16.56999969482422,1577300.0
2024-06-18,16.709999084472656,16.959999084472656,16.389999389648438,16.770000457763672,1534400.0
2024-06-20,16.780000686645508,17.329999923706055,16.649999618530273,16.979999542236328,3010800.0
2024-06-21,16.989999771118164,18.34000015258789,16.8700008392334,17.649999618530273,5967100.0
2024-06-24,17.579999923706055,18.55500030517578,17.440000534057617,18.40999984741211,2814200.0
2024-06-25,18.25,19.489999771118164,18.25,19.190000534057617,3054800.0
2024-06-26,19.0,19.1200008392334,17.600000381469727,17.729999542236328,3329200.0
2024-06-27,17.770000457763672,18.389999389648438,17.68000030517578,17.950000762939453,1892000.0
2024-06-28,18.010000228881836,18.045000076293945,17.420000076293945,17.790000915527344,3138400.0
2024-07-01,17.670000076293945,18.90999984741211,17.559999465942383,18.149999618530273,2201300.0
2024-07-02,18.079999923706055,18.450000762939453,17.790000915527344,18.309999465942383,1868000.0
2024-07-03,18.49799919128418,19.100000381469727,18.200000762939453,18.790000915527344,1207200.0
2024-07-05,18.719999313354492,19.049999237060547,18.399999618530273,19.010000228881836,1742400.0
2024-07-08,19.209999084472656,19.950000762939453,18.770000457763672,19.549999237060547,4095000.0
2024-07-09,19.670000076293945,20.385000228881836,19.40999984741211,19.90999984741211,3330000.0
2024-07-10,19.93000030517578,20.635000228881836,19.799999237060547,20.5,2666000.0
2024-07-11,20.780000686645508,21.770000457763672,20.700000762939453,21.389999389648438,4059600.0
2024-07-12,21.350000381469727,22.34000015258789,20.950000762939453,21.190000534057617,3185600.0
2024-07-15,21.260000228881836,21.469999313354492,20.809999465942383,21.270000457763672,1952500.0
2024-07-16,21.49799919128418,22.645000457763672,21.354999542236328,22.520000457763672,3450300.0
2024-07-17,22.040000915527344,23.1200008392334,21.579999923706055,22.079999923706055,2984100.0
2024-07-18,22.1200008392334,22.469999313354492,20.889999389648438,21.229999542236328,2768700.0
2024-07-19,21.360000610351562,21.5,20.940000534057617,21.0,1545400.0
2024-07-22,21.100000381469727,21.21500015258789,20.190000534057617,20.440000534057617,2414800.0
2024-07-23,20.270000457763672,20.420000076293945,19.75,20.270000457763672,2346000.0
2024-07-24,20.030000686645508,20.25,19.459999084472656,19.579999923706055,1799600.0
2024-07-25,19.799999237060547,20.520000457763672,19.530000686645508,19.979999542236328,2294200.0
2024-07-26,20.209999084472656,20.799999237060547,19.979999542236328,20.565000534057617,1991200.0
2024-07-29,20.649999618530273,21.059999465942383,19.68000030517578,19.809999465942383,2222500.0
2024-07-30,20.0,20.0,18.68000030517578,19.209999084472656,2801800.0
2024-07-31,19.280000686645508,20.30500030517578,18.75,19.760000228881836,2926900.0
2024-08-01,19.68000030517578,19.68000030517578,18.760000228881836,18.93000030517578,2295000.0
2024-08-02,18.25,18.81999969482422,17.899999618530273,18.5,2506800.0
2024-08-05,17.260000228881836,17.940000534057617,16.649999618530273,17.209999084472656,4478500.0
2024-08-06,19.06999969482422,21.530000686645508,18.649999618530273,20.579999923706055,10042000.0
2024-08-07,21.399999618530273,22.149999618530273,19.969999313354492,19.989999771118164,5279800.0
2024-08-08,20.479999542236328,20.790000915527344,19.440000534057617,20.040000915527344,3639100.0
2024-08-09,20.18000030517578,20.229999542236328,19.450000762939453,19.920000076293945,3379200.0
2024-08-12,20.06999969482422,21.466999053955078,20.045000076293945,20.649999618530273,2777400.0
2024-08-13,20.799999237060547,21.239999771118164,20.684999465942383,21.229999542236328,3270800.0
2024-08-14,21.360000610351562,21.600000381469727,20.389999389648438,20.860000610351562,2114000.0
2024-08-15,21.25,21.93000030517578,20.850000381469727,20.940000534057617,3431200.0
2024-08-16,20.899999618530273,22.3799991607666,20.809999465942383,22.079999923706055,4150900.0
2024-08-19,22.56999969482422,25.290000915527344,22.440000534057617,25.190000534057617,10431900.0
2024-08-20,25.170000076293945,25.190000534057617,24.4060001373291,24.709999084472656,3732100.0
2024-08-21,24.709999084472656,25.3799991607666,24.299999237060547,25.06999969482422,2793000.0
2024-08-22,25.09000015258789,25.149999618530273,24.15999984741211,24.399999618530273,2021200.0
2024-08-23,24.520000457763672,25.059999465942383,24.40999984741211,24.459999084472656,1891100.0
2024-08-26,24.549999237060547,24.649999618530273,23.450000762939453,23.969999313354492,2538800.0
2024-08-27,23.84000015258789,24.09000015258789,22.93000030517578,23.110000610351562,2278900.0
2024-08-28,22.899999618530273,23.674999237060547,22.899999618530273,23.350000381469727,1974300.0
2024-08-29,23.350000381469727,24.200000762939453,23.299999237060547,23.510000228881836,2038700.0
2024-08-30,23.540000915527344,23.690000534057617,22.600000381469727,23.489999771118164,2938100.0
2024-09-03,23.920000076293945,25.700000762939453,22.15999984741211,22.610000610351562,5515200.0
2024-09-04,22.09000015258789,23.030000686645508,21.739999771118164,22.079999923706055,2193300.0
2024-09-05,21.969999313354492,22.280000686645508,21.260000228881836,21.459999084472656,2079000.0
2024-09-06,21.489999771118164,22.170000076293945,21.110000610351562,22.030000686645508,2694400.0
2024-09-09,23.239999771118164,24.5,22.81999969482422,23.75,6429900.0
2024-09-10,23.75,24.010000228881836,22.520000457763672,23.530000686645508,3414300.0
2024-09-11,23.43000030517578,23.90999984741211,23.010000228881836,23.06999969482422,3027200.0
2024-09-12,22.850000381469727,23.889999389648438,22.829999923706055,23.190000534057617,2359100.0
2024-09-13,23.309999465942383,24.389999389648438,23.260000228881836,23.729999542236328,3253600.0
2024-09-16,23.809999465942383,25.8700008392334,23.459999084472656,24.889999389648438,5153300.0
2024-09-17,25.020000457763672,26.030000686645508,24.899999618530273,25.079999923706055,3769900.0
2024-09-18,26.25,26.40999984741211,25.059999465942383,25.25,4270900.0
2024-09-19,25.600000381469727,26.09000015258789,25.084999084472656,25.280000686645508,3838900.0
2024-09-20,25.31999969482422,25.34000015258789,23.770000457763672,24.649999618530273,34122800.0
2024-09-23,24.549999237060547,24.799999237060547,23.219999313354492,23.25,2948800.0
2024-09-24,23.25,23.549999237060547,22.68000030517578,23.309999465942383,2747800.0
2024-09-25,23.34000015258789,23.6200008392334,23.0,23.350000381469727,2170700.0
2024-09-26,23.579999923706055,23.780000686645508,23.219999313354492,23.329999923706055,1729300.0
2024-09-27,23.56999969482422,24.020000457763672,23.350000381469727,23.829999923706055,1779900.0
2024-09-30,23.739999771118164,24.399999618530273,23.320999145507812,23.389999389648438,2187600.0
2024-10-01,23.229999542236328,23.34000015258789,22.110000610351562,22.829999923706055,3438600.0
2024-10-02,22.639999389648438,22.780000686645508,22.020000457763672,22.3799991607666,1882500.0
2024-10-03,22.219999313354492,22.729999542236328,22.08799934387207,22.190000534057617,1313900.0
2024-10-04,22.5,22.75,21.639999389648438,22.229999542236328,2259000.0
2024-10-07,22.110000610351562,22.329999923706055,21.15999984741211,21.309999465942383,4236200.0
2024-10-08,21.399999618530273,22.5,21.18000030517578,21.84000015258789,2245200.0
2024-10-09,22.059999465942383,22.579999923706055,21.610000610351562,21.895000457763672,2410100.0
2024-10-10,21.569000244140625,22.1200008392334,21.270000457763672,21.829999923706055,2334500.0
2024-10-11,21.829999923706055,22.219999313354492,21.649999618530273,22.18000030517578,2153700.0
2024-10-14,22.06999969482422,22.8799991607666,21.81999969482422,22.829999923706055,1871400.0
2024-10-15,23.030000686645508,24.625,22.6299991607666,24.56999969482422,3244700.0
2024-10-16,24.56999969482422,24.860000610351562,24.049999237060547,24.5,2190000.0
2024-10-17,24.399999618530273,24.69499969482422,23.834999084472656,23.940000534057617,1706500.0
2024-10-18,23.969999313354492,24.229999542236328,23.1299991607666,23.309999465942383,1996500.0
2024-10-21,23.059999465942383,24.40999984741211,22.850000381469727,24.3700008392334,2951500.0
2024-10-22,24.270000457763672,24.65999984741211,23.65999984741211,24.25,2282400.0
2024-10-23,24.1200008392334,24.274999618530273,22.99799919128418,23.1299991607666,2343300.0
2024-10-24,23.200000762939453,23.3799991607666,22.610000610351562,23.219999313354492,1635600.0
2024-10-25,23.260000228881836,24.309999465942383,23.219999313354492,23.360000610351562,2134800.0
2024-10-28,23.670000076293945,24.56999969482422,23.40999984741211,24.350000381469727,1873700.0
2024-10-29,26.020000457763672,26.225000381469727,24.350000381469727,25.709999084472656,4104800.0
2024-10-30,25.65999984741211,25.774999618530273,24.780000686645508,25.1299991607666,2392800.0
2024-10-31,25.059999465942383,25.399999618530273,24.229999542236328,25.059999465942383,2237600.0
2024-11-01,25.280000686645508,26.989999771118164,25.135000228881836,26.899999618530273,5726800.0
2024-11-04,24.389999389648438,25.049999237060547,22.920000076293945,24.360000610351562,9602000.0
2024-11-05,24.489999771118164,26.020000457763672,23.600000381469727,25.860000610351562,3956900.0
2024-11-06,27.0,27.670000076293945,26.149999618530273,27.170000076293945,4145000.0
2024-11-07,27.299999237060547,28.40999984741211,27.049999237060547,27.899999618530273,2838800.0
2024-11-08,27.639999389648438,28.920000076293945,27.10099983215332,28.809999465942383,3346600.0
2024-11-11,29.53499984741211,30.924999237060547,29.190000534057617,30.739999771118164,5341600.0
2024-11-12,30.459999084472656,32.47999954223633,30.40999984741211,30.90999984741211,5493000.0
2024-11-13,30.600000381469727,36.2400016784668,29.84000015258789,34.900001525878906,9890800.0
2024-11-14,34.900001525878906,36.5,30.358999252319336,30.844999313354492,8163300.0
2024-11-15,30.700000762939453,31.242000579833984,28.90999984741211,29.540000915527344,3275300.0
2024-11-18,29.56999969482422,30.0,28.59000015258789,29.610000610351562,4313200.0
2024-11-19,29.520000457763672,30.3700008392334,29.416000366210938,30.31999969482422,2154000.0
2024-11-20,30.450000762939453,32.0,29.90999984741211,31.149999618530273,2233100.0
2024-11-21,31.610000610351562,36.400001525878906,31.360000610351562,34.54999923706055,5838900.0
2024-11-22,34.599998474121094,35.31999969482422,33.709999084472656,35.06999969482422,2577300.0
2024-11-25,35.88999938964844,36.84000015258789,34.5099983215332,34.61000061035156,2957800.0
2024-11-26,34.09000015258789,34.720001220703125,33.63999938964844,34.2599983215332,2769900.0
2024-11-27,34.650001525878906,35.06999969482422,33.66999816894531,35.0,1681600.0
2024-11-29,35.189998626708984,35.779998779296875,34.709999084472656,34.79999923706055,1262200.0
2024-12-02,34.65999984741211,35.20000076293945,33.75,35.09000015258789,2210700.0
2024-12-03,35.02000045776367,35.47999954223633,33.15999984741211,33.38999938964844,2477100.0
2024-12-04,33.369998931884766,34.33000183105469,33.29999923706055,33.880001068115234,1763400.0
2024-12-05,33.65999984741211,34.63999938964844,33.599998474121094,33.650001525878906,1357100.0
2024-12-06,33.81999969482422,34.749000549316406,33.630001068115234,33.93000030517578,1319800.0
2024-12-09,33.709999084472656,34.099998474121094,32.720001220703125,32.84000015258789,2180900.0
2024-12-10,32.939998626708984,33.5,31.530000686645508,31.670000076293945,2640900.0
2024-12-11,32.0099983215332,32.380001068115234,31.06999969482422,31.649999618530273,1820800.0
2024-12-12,31.799999237060547,32.290000915527344,30.459999084472656,30.690000534057617,1680000.0
2024-12-13,30.700000762939453,32.189998626708984,30.40999984741211,32.02000045776367,2117000.0
2024-12-16,32.209999084472656,35.0099983215332,32.04999923706055,34.400001525878906,3459500.0
2024-12-17,34.29999923706055,35.029998779296875,33.321998596191406,33.56999969482422,2865200.0
2024-12-18,33.45000076293945,33.900001525878906,30.40999984741211,31.065000534057617,2476100.0
2024-12-19,31.389999389648438,31.600000381469727,30.434999465942383,30.950000762939453,1984100.0
2024-12-20,30.600000381469727,32.625,30.5,32.20000076293945,2793500.0
2024-12-23,32.2400016784668,32.779998779296875,31.65999984741211,32.2599983215332,1295100.0
2024-12-24,32.5099983215332,32.5099983215332,31.860000610351562,32.15999984741211,496500.0
2024-12-26,32.0,33.54999923706055,31.5,33.5,1264300.0
2024-12-27,33.2599983215332,33.439998626708984,32.060001373291016,32.529998779296875,1557700.0
2024-12-30,32.29999923706055,32.29999923706055,31.219999313354492,31.44499969482422,1562800.0
2024-12-31,31.770000457763672,32.099998474121094,29.899999618530273,30.100000381469727,2059800.0
2025-01-02,30.530000686645508,31.399999618530273,29.989999771118164,31.059999465942383,2018900.0
2025-01-03,31.280000686645508,31.389999389648438,29.65999984741211,30.049999237060547,2468500.0
2025-01-06,30.0,30.100000381469727,27.81999969482422,28.0,4062700.0
2025-01-07,27.875,29.020000457763672,27.559999465942383,28.0,2931800.0
2025-01-08,27.808000564575195,28.8799991607666,27.549999237060547,28.770000457763672,2749800.0
2025-01-10,27.979999542236328,28.959999084472656,27.709999084472656,28.8799991607666,2856300.0
2025-01-13,28.3700008392334,28.459999084472656,27.239999771118164,27.670000076293945,3862500.0
2025-01-14,29.549999237060547,30.684999465942383,28.402999877929688,29.739999771118164,5637700.0
2025-01-15,30.667999267578125,31.020000457763672,29.479999542236328,30.18000030517578,2985500.0
2025-01-16,30.469999313354492,30.479999542236328,29.040000915527344,29.139999389648438,1716300.0
2025-01-17,29.670000076293945,29.68000030517578,28.6200008392334,29.549999237060547,2127900.0
2025-01-21,29.899999618530273,30.329999923706055,29.510000228881836,29.860000610351562,2102100.0
2025-01-22,29.809999465942383,29.899999618530273,28.834999084472656,29.139999389648438,2084400.0
2025-01-23,29.0,29.43000030517578,28.520000457763672,29.040000915527344,1793100.0
2025-01-24,28.90999984741211,31.270000457763672,28.440000534057617,31.260000228881836,2424500.0
2025-01-27,30.719999313354492,33.099998474121094,30.549999237060547,31.920000076293945,2096900.0
2025-01-28,32.290000915527344,33.470001220703125,31.850000381469727,33.45000076293945,3443500.0
2025-01-29,33.31999969482422,34.040000915527344,33.04999923706055,33.369998931884766,2093300.0
2025-01-30,33.630001068115234,34.58000183105469,33.189998626708984,33.36000061035156,2034000.0
2025-01-31,33.33000183105469,33.7400016784668,31.610000610351562,31.700000762939453,2029300.0
2025-02-03,30.780000686645508,32.31999969482422,30.59000015258789,31.479999542236328,1518900.0
2025-02-04,31.5,33.04999923706055,31.329999923706055,32.90999984741211,1627000.0
2025-02-05,33.029998779296875,33.880001068115234,32.875,33.16999816894531,1580400.0
2025-02-06,33.0,33.834999084472656,32.61000061035156,33.5,1473300.0
2025-02-07,33.65999984741211,34.20000076293945,32.70500183105469,33.09000015258789,1395900.0
2025-02-10,33.45000076293945,33.77000045776367,32.0099983215332,32.25,1489000.0
2025-02-11,31.850000381469727,32.04600143432617,30.8799991607666,31.110000610351562,1250100.0
2025-02-12,30.510000228881836,31.049999237060547,30.309999465942383,30.899999618530273,1461200.0
2025-02-13,31.139999389648438,31.18000030517578,30.010000228881836,30.729999542236328,1271100.0
2025-02-14,30.649999618530273,31.0,30.3700008392334,30.709999084472656,1179800.0
2025-02-18,30.829999923706055,31.566999435424805,29.729999542236328,31.15999984741211,1824400.0
2025-02-19,30.65999984741211,31.190000534057617,30.200000762939453,31.010000228881836,1359900.0
2025-02-20,30.700000762939453,31.290000915527344,30.208999633789062,30.940000534057617,1077600.0
2025-02-21,31.260000228881836,31.496000289916992,30.3700008392334,30.8799991607666,1660500.0
2025-02-24,30.760000228881836,31.285999298095703,28.950000762939453,29.020000457763672,2954400.0
2025-02-25,28.889999389648438,29.735000610351562,28.389999389648438,29.209999084472656,2085800.0
2025-02-26,29.280000686645508,29.954999923706055,29.0,29.34000015258789,1299600.0
2025-02-27,29.25,29.770000457763672,28.40999984741211,28.530000686645508,1700800.0
2025-02-28,28.299999237060547,30.3700008392334,28.170000076293945,30.09000015258789,2420300.0
2025-03-03,30.329999923706055,36.400001525878906,30.280000686645508,34.41999816894531,13500000.0
2025-03-04,34.41999816894531,36.939998626708984,34.150001525878906,35.619998931884766,4500900.0
2025-03-05,36.0,36.0,34.540000915527344,35.11000061035156,2407000.0
2025-03-06,34.59000015258789,37.58000183105469,34.529998779296875,35.189998626708984,3971700.0
2025-03-07,35.0,38.58000183105469,34.34000015258789,38.439998626708984,4140700.0
2025-03-10,37.65999984741211,40.310001373291016,37.65999984741211,39.22999954223633,4889500.0
2025-03-11,39.09000015258789,40.0,37.209999084472656,37.54999923706055,3805600.0
2025-03-12,38.150001525878906,38.70000076293945,36.81999969482422,37.22999954223633,2529700.0
2025-03-13,37.040000915527344,38.689998626708984,37.0,37.060001373291016,4834400.0
2025-03-14,37.5,41.849998474121094,37.44200134277344,40.84000015258789,4816700.0
2025-03-17,40.70000076293945,41.58000183105469,39.91999816894531,41.060001373291016,2392900.0
2025-03-18,40.380001068115234,40.70000076293945,38.75,39.880001068115234,1815000.0
2025-03-19,40.0,42.54999923706055,39.619998931884766,42.470001220703125,2260100.0
2025-03-20,42.279998779296875,43.029998779296875,41.43000030517578,41.88999938964844,2206500.0
2025-03-21,41.619998931884766,43.150001525878906,41.189998626708984,42.9900016784668,4651300.0
2025-03-24,42.9900016784668,43.31999969482422,42.15999984741211,42.61000061035156,2055900.0
2025-03-25,42.470001220703125,42.83000183105469,41.974998474121094,42.79999923706055,1628800.0
2025-03-26,42.91999816894531,42.91999816894531,40.310001373291016,40.790000915527344,2324600.0
2025-03-27,40.790000915527344,41.047000885009766,39.79999923706055,40.20000076293945,1308200.0
2025-03-28,40.20000076293945,40.560001373291016,38.779998779296875,39.86000061035156,1643400.0
2025-03-31,38.31999969482422,39.61000061035156,36.40999984741211,39.43000030517578,3781500.0
2025-04-01,39.34000015258789,39.459999084472656,37.59000015258789,37.75,1941900.0
2025-04-02,37.25,42.040000915527344,37.04800033569336,39.81999969482422,4493300.0
2025-04-03,38.13999938964844,40.029998779296875,38.0,39.34000015258789,2458600.0
2025-04-04,37.939998626708984,38.83000183105469,36.54499816894531,37.349998474121094,3143300.0
2025-04-07,35.0,38.61000061035156,33.70000076293945,37.25,4022700.0
2025-04-08,38.439998626708984,38.869998931884766,34.8650016784668,35.529998779296875,3140800.0
2025-04-09,34.59000015258789,37.16999816894531,31.0049991607666,35.849998474121094,6401900.0
2025-04-10,35.345001220703125,37.22999954223633,33.869998931884766,35.97999954223633,3354600.0
2025-04-11,36.36000061035156,36.78499984741211,35.290000915527344,36.709999084472656,2053900.0
2025-04-14,37.369998931884766,38.88999938964844,36.790000915527344,38.40999984741211,4573200.0
2025-04-15,38.25,39.18000030517578,37.68000030517578,39.029998779296875,1601300.0
2025-04-16,38.790000915527344,38.91999816894531,37.31999969482422,38.209999084472656,3031500.0
2025-04-17,37.900001525878906,38.91999816894531,37.59000015258789,38.31999969482422,1075700.0
2025-04-21,37.970001220703125,40.189998626708984,36.36000061035156,36.970001220703125,3366500.0
2025-04-22,37.619998931884766,38.58000183105469,37.47999954223633,37.9900016784668,1303000.0
2025-04-23,38.75,40.349998474121094,38.470001220703125,39.4900016784668,1821500.0
2025-04-24,39.5,41.08000183105469,39.40999984741211,40.29999923706055,2362000.0
2025-04-25,40.040000915527344,41.369998931884766,39.5099983215332,41.33000183105469,1464400.0
2025-04-28,41.81999969482422,42.45899963378906,40.95000076293945,42.029998779296875,1785000.0
2025-04-29,42.18000030517578,43.97999954223633,41.63999938964844,43.86000061035156,2694100.0
2025-04-30,42.869998931884766,45.83000183105469,42.7599983215332,45.5099983215332,3272000.0
2025-05-01,45.48500061035156,46.47999954223633,44.04999923706055,45.369998931884766,2545500.0
2025-05-02,45.369998931884766,45.970001220703125,42.959999084472656,43.439998626708984,4166900.0
2025-05-05,39.755001068115234,40.47999954223633,35.619998931884766,37.68000030517578,12201000.0
2025-05-06,37.27000045776367,37.27000045776367,34.029998779296875,34.86000061035156,5427100.0
2025-05-07,34.939998626708984,35.472999572753906,34.220001220703125,34.849998474121094,3583700.0
2025-05-08,34.18000030517578,35.13999938964844,33.150001525878906,33.86000061035156,3626200.0
2025-05-09,33.79999923706055,34.72999954223633,33.45000076293945,33.63999938964844,2237200.0
2025-05-12,33.459999084472656,35.29999923706055,33.349998474121094,34.9900016784668,2839500.0
2025-05-13,35.0,35.10499954223633,32.68000030517578,33.369998931884766,4154600.0
2025-05-14,33.619998931884766,33.880001068115234,33.02000045776367,33.400001525878906,1769900.0
2025-05-15,33.5,33.88999938964844,33.11000061035156,33.59000015258789,1420000.0
2025-05-16,33.650001525878906,34.5,33.54999923706055,34.36000061035156,1935400.0
2025-05-19,34.0,35.0,33.63999938964844,34.97999954223633,1546100.0
2025-05-20,35.279998779296875,35.619998931884766,34.731998443603516,35.470001220703125,1493500.0
2025-05-21,35.15999984741211,35.18000030517578,33.66999816894531,34.20000076293945,1942800.0
2025-05-22,34.189998626708984,34.65999984741211,33.77000045776367,34.2400016784668,1458000.0
2025-05-23,33.75,34.63999938964844,33.560001373291016,34.56999969482422,1042800.0
2025-05-27,35.040000915527344,35.310001373291016,34.34000015258789,35.2400016784668,1287200.0
2025-05-28,35.220001220703125,35.790000915527344,34.79999923706055,35.13999938964844,1285000.0
2025-05-29,35.470001220703125,36.060001373291016,34.82699966430664,35.709999084472656,1404100.0
2025-05-30,35.560001373291016,35.599998474121094,34.40999984741211,35.11000061035156,1826500.0
2025-06-02,35.04999923706055,35.9900016784668,34.31999969482422,35.75,1520100.0
2025-06-03,35.5,37.04999923706055,35.29999923706055,36.40999984741211,1533800.0
2025-06-04,37.0,37.22999954223633,36.17499923706055,37.03499984741211,1210300.0
2025-06-05,37.0099983215332,40.09000015258789,36.33300018310547,39.29999923706055,2944100.0
2025-06-06,39.810001373291016,40.540000915527344,39.40999984741211,40.060001373291016,2135500.0
2025-06-09,40.61000061035156,40.9900016784668,39.38999938964844,39.84000015258789,1567500.0
2025-06-10,39.810001373291016,40.400001525878906,39.14099884033203,39.43000030517578,1530400.0
2025-06-11,39.45000076293945,39.75,38.11000061035156,38.31999969482422,1784400.0
2025-06-12,37.68000030517578,38.8849983215332,37.11000061035156,37.369998931884766,2789900.0
2025-06-13,36.54999923706055,37.189998626708984,35.880001068115234,36.0099983215332,1671000.0
2025-06-16,36.47999954223633,36.75,35.43000030517578,35.630001068115234,1298500.0
2025-06-17,35.060001373291016,35.52000045776367,34.55099868774414,35.0,1703400.0
2025-06-18,35.52000045776367,35.709999084472656,34.029998779296875,35.165000915527344,1771800.0
2025-06-20,35.52000045776367,36.30799865722656,35.20000076293945,36.02000045776367,2607200.0
2025-06-23,36.20000076293945,36.58000183105469,35.18199920654297,36.560001373291016,1583200.0
2025-06-24,37.0,37.58000183105469,36.310001373291016,37.29999923706055,1678600.0
2025-06-25,37.400001525878906,37.4900016784668,36.369998931884766,37.2599983215332,1069400.0
2025-06-26,37.36000061035156,37.97999954223633,36.86000061035156,37.95000076293945,1006400.0
2025-06-27,37.95000076293945,38.08300018310547,36.5,36.720001220703125,2469300.0
2025-06-30,36.849998474121094,37.220001220703125,35.7400016784668,35.9900016784668,1547600.0
2025-07-01,35.76499938964844,36.90999984741211,35.099998474121094,35.400001525878906,1528200.0
2025-07-02,35.27000045776367,36.349998474121094,35.029998779296875,36.290000915527344,1386500.0
2025-07-03,36.36000061035156,36.959999084472656,36.06999969482422,36.720001220703125,681300.0
2025-07-07,36.599998474121094,36.91400146484375,35.52000045776367,35.97999954223633,1254600.0
2025-07-08,36.09000015258789,36.474998474121094,34.36000061035156,35.61000061035156,2304900.0
2025-07-09,35.9900016784668,37.939998626708984,35.435001373291016,37.91999816894531,1863200.0
2025-07-10,37.56999969482422,38.38999938964844,37.380001068115234,37.66999816894531,1336500.0
2025-07-11,37.45000076293945,37.70000076293945,37.06999969482422,37.084999084472656,958200.0
2025-07-14,36.82400131225586,38.98500061035156,36.5,38.91999816894531,1632400.0
2025-07-15,38.9900016784668,39.099998474121094,37.84199905395508,37.959999084472656,1508200.0
2025-07-16,38.290000915527344,39.63999938964844,38.23500061035156,38.84000015258789,1864600.0
2025-07-17,38.77000045776367,39.72999954223633,38.5,39.189998626708984,1310900.0
2025-07-18,39.43000030517578,39.540000915527344,37.6619987487793,37.90999984741211,1794100.0
2025-07-21,37.970001220703125,38.150001525878906,37.15999984741211,37.41999816894531,1121100.0
2025-07-22,37.459999084472656,37.81999969482422,36.90999984741211,37.369998931884766,1367000.0
2025-07-23,37.72999954223633,38.540000915527344,37.02000045776367,37.599998474121094,1672900.0
2025-07-24,37.7400016784668,37.93000030517578,36.290000915527344,36.529998779296875,1638200.0
2025-07-25,36.459999084472656,36.939998626708984,35.85499954223633,36.900001525878906,1532400.0
2025-07-28,37.08000183105469,37.61000061035156,35.619998931884766,35.9900016784668,1751300.0
2025-07-29,36.22999954223633,36.5,35.20000076293945,35.33000183105469,1389400.0
2025-07-30,35.720001220703125,36.97999954223633,35.599998474121094,36.27000045776367,2140900.0
2025-07-31,36.18000030517578,36.58700180053711,35.400001525878906,35.5,1815800.0
2025-08-01,34.88800048828125,35.75,34.029998779296875,35.02000045776367,2322300.0
2025-08-04,32.13999938964844,32.20000076293945,28.280000686645508,28.719999313354492,11444600.0
2025-08-05,29.100000381469727,29.149999618530273,27.3799991607666,28.399999618530273,5076000.0
2025-08-06,28.18000030517578,28.30900001525879,27.25,27.700000762939453,2791300.0
2025-08-07,27.719999313354492,28.8799991607666,27.329999923706055,27.889999389648438,2482300.0
2025-08-08,27.5,27.950000762939453,26.520000457763672,26.709999084472656,4799800.0
2025-08-11,26.139999389648438,27.3700008392334,25.280000686645508,26.389999389648438,4562100.0
2025-08-12,26.440000534057617,27.1200008392334,26.049999237060547,27.1200008392334,2294800.0
2025-08-13,27.540000915527344,28.011999130249023,27.219999313354492,27.8700008392334,2696000.0
2025-08-14,27.459999084472656,27.989999771118164,27.44499969482422,27.770000457763672,1668500.0
2025-08-15,27.799999237060547,28.350000381469727,27.639999389648438,28.079999923706055,1811700.0
2025-08-18,28.299999237060547,28.850000381469727,27.700000762939453,27.729999542236328,2357500.0
2025-08-19,27.649999618530273,27.950000762939453,27.225000381469727,27.920000076293945,1676100.0
2025-08-20,27.8799991607666,28.329999923706055,27.690000534057617,28.309999465942383,1489800.0
2025-08-21,28.18000030517578,28.8799991607666,27.90999984741211,28.770000457763672,1610100.0
2025-08-22,28.739999771118164,29.485000610351562,28.5,29.44499969482422,2187500.0
2025-08-25,29.489999771118164,29.799999237060547,28.5,28.530000686645508,1495400.0
2025-08-26,28.540000915527344,28.6299991607666,28.190000534057617,28.280000686645508,1551900.0
2025-08-27,28.190000534057617,29.170000076293945,28.190000534057617,28.56999969482422,2625400.0
2025-08-28,28.579999923706055,29.0,28.270999908447266,28.959999084472656,1835100.0
2025-08-29,29.020000457763672,29.469999313354492,28.604999542236328,29.329999923706055,1819100.0
2025-09-02,29.3700008392334,30.25,29.040000915527344,29.729999542236328,2023300.0
2025-09-03,30.829999923706055,33.400001525878906,30.399999618530273,31.709999084472656,4391100.0
2025-09-04,31.600000381469727,32.08000183105469,30.850000381469727,31.889999389648438,2312300.0
2025-09-05,31.920000076293945,32.45000076293945,31.149999618530273,32.209999084472656,2234600.0
2025-09-08,32.375,32.56999969482422,31.049999237060547,32.380001068115234,2532800.0
2025-09-09,32.119998931884766,32.2869987487793,31.479999542236328,32.0,1621000.0
2025-09-10,32.06999969482422,32.22999954223633,31.34000015258789,31.825000762939453,1894000.0
2025-09-11,31.979999542236328,32.470001220703125,31.850000381469727,32.459999084472656,1610600.0
2025-09-12,32.290000915527344,32.560001373291016,31.583999633789062,32.15999984741211,2386200.0
2025-09-15,31.75,32.025001525878906,31.3799991607666,31.75,1906600.0
2025-09-16,31.809999465942383,32.20000076293945,31.290000915527344,31.989999771118164,1885500.0
2025-09-17,32.15999984741211,33.33000183105469,31.889999389648438,32.040000915527344,2126700.0
2025-09-18,32.060001373291016,32.67599868774414,31.850000381469727,32.61000061035156,1684300.0
2025-09-19,32.79999923706055,33.0,32.334999084472656,32.369998931884766,3197000.0
2025-09-22,32.5,35.06999969482422,32.290000915527344,34.970001220703125,3447500.0
2025-09-23,34.970001220703125,36.08599853515625,34.77000045776367,35.56999969482422,2340000.0
2025-09-24,35.599998474121094,36.369998931884766,35.244998931884766,35.40999984741211,1616900.0
2025-09-25,35.02000045776367,35.34000015258789,34.56999969482422,34.63999938964844,1355700.0
2025-09-26,34.79999923706055,35.529998779296875,34.52000045776367,35.5,1496000.0
2025-09-29,35.540000915527344,37.150001525878906,35.40999984741211,36.83000183105469,2009100.0
2025-09-30,36.939998626708984,37.11000061035156,35.95000076293945,36.125,1444900.0
2025-10-01,36.119998931884766,37.54999923706055,35.970001220703125,36.560001373291016,1926800.0
2025-10-02,36.63999938964844,36.91999816894531,36.029998779296875,36.65999984741211,1387100.0
2025-10-03,36.619998931884766,37.29999923706055,36.36000061035156,36.70500183105469,1349400.0
2025-10-06,37.04999923706055,37.45000076293945,36.625,36.7599983215332,1441400.0
2025-10-07,36.7599983215332,37.13999938964844,36.43000030517578,36.5,1555900.0
2025-10-08,36.75,36.89099884033203,35.08000183105469,35.75,1592300.0
2025-10-09,35.79999923706055,35.93000030517578,34.70000076293945,34.970001220703125,1626400.0
2025-10-10,34.86000061035156,35.005001068115234,33.099998474121094,33.7599983215332,2099100.0
2025-10-13,33.7400016784668,34.415000915527344,33.5,34.220001220703125,1241000.0
2025-10-14,33.86000061035156,34.779998779296875,33.59000015258789,34.13999938964844,1297800.0
2025-10-15,34.130001068115234,35.29999923706055,33.97999954223633,35.04999923706055,1613300.0
2025-10-16,34.86000061035156,35.641998291015625,34.20000076293945,34.869998931884766,1901300.0
2025-10-17,34.529998779296875,35.5099983215332,34.02000045776367,34.66999816894531,1444600.0
2025-10-20,34.849998474121094,35.30500030517578,34.0099983215332,35.119998931884766,1429700.0
2025-10-21,35.099998474121094,35.52000045776367,34.814998626708984,35.220001220703125,1153300.0
2025-10-22,35.220001220703125,35.43000030517578,34.119998931884766,34.59000015258789,1037800.0
2025-10-23,34.599998474121094,34.810001373291016,32.92499923706055,33.4900016784668,1967600.0
2025-10-24,33.59000015258789,33.65999984741211,32.80799865722656,33.334999084472656,1171200.0
2025-10-27,33.4900016784668,34.2400016784668,33.165000915527344,33.689998626708984,1541800.0
2025-10-28,33.790000915527344,34.58000183105469,33.220001220703125,34.54999923706055,1658800.0
2025-10-29,34.380001068115234,35.32500076293945,33.68000030517578,33.779998779296875,2001000.0
2025-10-30,33.84000015258789,34.78499984741211,33.599998474121094,34.02000045776367,1526000.0
2025-10-31,34.0099983215332,36.650001525878906,33.810001373291016,34.779998779296875,3259700.0
2025-11-03,36.29999923706055,36.5,31.06999969482422,33.689998626708984,5574800.0
2025-11-04,33.06999969482422,34.32500076293945,32.77199935913086,33.810001373291016,2502300.0
2025-11-05,33.47999954223633,34.73500061035156,33.36000061035156,34.040000915527344,1901100.0
2025-11-06,33.93000030517578,34.119998931884766,32.81999969482422,33.2599983215332,1496700.0
2025-11-07,33.41999816894531,33.505001068115234,31.985000610351562,32.2400016784668,1762000.0
2025-11-10,32.29999923706055,32.38999938964844,29.799999237060547,30.299999237060547,4126100.0
2025-11-11,30.049999237060547,31.110000610351562,29.90999984741211,31.110000610351562,2044000.0
2025-11-12,31.0,31.510000228881836,30.559999465942383,31.010000228881836,2122100.0
2025-11-13,30.809999465942383,31.780000686645508,30.760000228881836,30.959999084472656,1639900.0
2025-11-14,30.979999542236328,31.5,30.649999618530273,31.0,1329700.0
2025-11-17,31.020000457763672,31.420000076293945,30.309999465942383,30.690000534057617,1664200.0
2025-11-18,30.520000457763672,31.450000762939453,30.238000869750977,31.209999084472656,1538400.0
2025-11-19,31.25,31.399999618530273,30.229999542236328,30.329999923706055,1903100.0
2025-11-20,30.700000762939453,30.954999923706055,30.149999618530273,30.450000762939453,2278200.0
2025-11-21,30.399999618530273,32.11000061035156,30.31999969482422,31.950000762939453,2685600.0
2025-11-24,32.25,33.04999923706055,31.93000030517578,32.029998779296875,2740800.0
2025-11-25,32.4900016784668,33.04999923706055,32.279998779296875,32.97999954223633,1818300.0
2025-11-26,32.869998931884766,33.78499984741211,32.5,33.40999984741211,1607700.0
2025-11-28,33.61000061035156,33.61000061035156,32.90999984741211,33.2599983215332,798600.0
2025-12-01,32.72999954223633,32.79999923706055,31.610000610351562,31.670000076293945,1583700.0
2025-12-02,31.530000686645508,31.68000030517578,30.53499984741211,30.6299991607666,1886600.0
2025-12-03,30.610000610351562,31.790000915527344,30.579999923706055,31.610000610351562,1535900.0
2025-12-04,31.540000915527344,32.2599983215332,31.350000381469727,31.3799991607666,1220500.0
2025-12-05,31.40999984741211,31.579999923706055,30.729999542236328,30.760000228881836,1132900.0
2025-12-08,30.8700008392334,31.274999618530273,30.440000534057617,30.829999923706055,1488000.0
2025-12-09,30.719999313354492,31.209999084472656,30.34000015258789,30.43000030517578,983400.0
2025-12-10,30.3799991607666,30.760000228881836,29.5,30.600000381469727,1723300.0
2025-12-11,30.770000457763672,32.0,30.40999984741211,32.0,1734000.0
2025-12-12,32.15999984741211,32.301998138427734,31.139999389648438,31.350000381469727,1164800.0
2025-12-15,31.3799991607666,31.850000381469727,31.0,31.40999984741211,1434600.0
2025-12-16,31.40999984741211,31.59000015258789,30.399999618530273,30.790000915527344,1352700.0
2025-12-17,30.559999465942383,31.44499969482422,30.5,31.1299991607666,1188700.0
2025-12-18,31.270000457763672,31.440000534057617,29.920000076293945,29.93000030517578,1392500.0
2025-12-19,29.959999084472656,31.260000228881836,29.790000915527344,30.979999542236328,2730200.0
2025-12-22,30.899999618530273,31.349000930786133,30.760000228881836,31.1200008392334,1652300.0
2025-12-23,31.209999084472656,31.3700008392334,30.700000762939453,30.729999542236328,1331600.0
2025-12-24,30.68000030517578,31.110000610351562,30.540000915527344,31.06999969482422,854100.0
2025-12-26,31.059999465942383,31.059999465942383,30.540000915527344,30.770000457763672,795400.0
2025-12-29,30.770000457763672,30.878999710083008,30.42799949645996,30.530000686645508,1210100.0
2025-12-30,30.440000534057617,30.559999465942383,29.684999465942383,29.75,1591200.0
2025-12-31,29.700000762939453,30.149999618530273,29.510000228881836,29.809999465942383,1442300.0
2026-01-02,29.559999465942383,29.950000762939453,28.815000534057617,29.280000686645508,2107600.0
2026-01-05,28.979999542236328,29.920000076293945,28.979999542236328,29.899999618530273,1602200.0
2026-01-06,29.760000228881836,29.905000686645508,28.899999618530273,29.40999984741211,2858000.0
2026-01-07,29.84000015258789,30.625,29.40999984741211,30.34000015258789,2174600.0
2026-01-08,30.100000381469727,30.639999389648438,29.56999969482422,30.5,2313400.0
2026-01-09,30.700000762939453,30.899999618530273,28.209999084472656,28.469999313354492,3255200.0
2026-01-12,28.309999465942383,28.434999465942383,27.350000381469727,27.719999313354492,2833600.0
2026-01-13,27.649999618530273,28.90999984741211,26.889999389648438,27.8700008392334,3398700.0
2026-01-14,31.15999984741211,33.2400016784668,28.450000762939453,29.540000915527344,8728200.0
2026-01-15,29.540000915527344,32.029998779296875,29.09000015258789,30.709999084472656,3974800.0
2026-01-16,30.989999771118164,31.25,30.299999237060547,30.56999969482422,2499000.0
2026-01-20,30.010000228881836,31.020000457763672,29.799999237060547,30.940000534057617,2362600.0
2026-01-21,30.829999923706055,31.639999389648438,30.350000381469727,31.56999969482422,1589200.0
2026-01-22,31.600000381469727,31.969999313354492,31.1299991607666,31.6299991607666,1609900.0
2026-01-23,31.799999237060547,32.54999923706055,31.190000534057617,31.200000762939453,1857200.0
2026-01-26,31.100000381469727,31.329999923706055,30.6200008392334,30.68000030517578,1149700.0
2026-01-27,30.600000381469727,31.110000610351562,30.5,30.799999237060547,1127400.0
2026-01-28,30.81999969482422,31.0,30.270000457763672,30.309999465942383,1138400.0
2026-01-29,30.149999618530273,30.729999542236328,29.90999984741211,30.0,1522300.0
2026-01-30,30.049999237060547,30.329999923706055,29.25,29.43000030517578,1814200.0
2026-02-02,29.200000762939453,29.459999084472656,28.60099983215332,29.18000030517578,1933500.0
2026-02-03,29.110000610351562,29.979999542236328,28.90999984741211,29.729999542236328,1531000.0
2026-02-04,29.979999542236328,29.979999542236328,28.700000762939453,29.1200008392334,1463800.0
2026-02-05,29.149999618530273,29.600000381469727,27.604999542236328,27.760000228881836,2570800.0
2026-02-06,28.25,28.950000762939453,27.829999923706055,28.860000610351562,1622200.0
2026-02-09,28.770000457763672,29.920000076293945,28.3799991607666,29.579999923706055,1753700.0
2026-02-10,29.780000686645508,30.0,29.06999969482422,29.139999389648438,1349400.0
2026-02-11,29.059999465942383,29.18000030517578,28.076000213623047,28.81999969482422,1013100.0
2026-02-12,28.729999542236328,28.760000228881836,27.93000030517578,28.420000076293945,1316200.0
2026-02-13,28.649999618530273,29.299999237060547,28.280000686645508,28.5,1077300.0
2026-02-17,28.43000030517578,29.40999984741211,28.375,29.059999465942383,944100.0
2026-02-18,28.889999389648438,29.239999771118164,28.579999923706055,29.229999542236328,850400.0
2026-02-19,29.059999465942383,29.489999771118164,28.829999923706055,29.459999084472656,988600.0
2026-02-20,29.329999923706055,29.549999237060547,28.690000534057617,29.530000686645508,1298500.0
2026-02-23,29.53499984741211,30.950000762939453,29.28499984741211,30.56999969482422,2362600.0
2026-02-24,30.559999465942383,31.079999923706055,30.149999618530273,30.510000228881836,1260000.0
2026-02-25,30.290000915527344,30.719999313354492,29.639999389648438,29.65999984741211,2385100.0
2026-02-26,28.389999389648438,31.343000411987305,28.030000686645508,30.899999618530273,3894000.0
2026-02-27,30.549999237060547,31.09000015258789,29.864999771118164,30.09000015258789,1961400.0
2026-03-02,29.389999389648438,29.989999771118164,29.09000015258789,29.399999618530273,1559800.0
2026-03-03,28.90999984741211,29.469999313354492,28.350000381469727,28.8799991607666,1974200.0
2026-03-04,29.030000686645508,29.53499984741211,28.200000762939453,29.190000534057617,1551600.0
2026-03-05,28.75,29.459999084472656,28.25,29.030000686645508,2003500.0
2026-03-06,28.5,29.280000686645508,28.209999084472656,29.270000457763672,1208100.0
2026-03-09,29.100000381469727,29.420000076293945,28.389999389648438,29.190000534057617,1654600.0
2026-03-10,29.190000534057617,29.540000915527344,28.649999618530273,29.270000457763672,1118500.0
2026-03-11,29.079999923706055,29.079999923706055,27.8799991607666,28.049999237060547,1588700.0
2026-03-12,27.649999618530273,27.790000915527344,26.760000228881836,26.940000534057617,1835600.0
2026-03-13,27.170000076293945,27.989999771118164,26.93000030517578,27.959999084472656,1892000.0
2026-03-16,28.200000762939453,28.799999237060547,28.049999237060547,28.770000457763672,2424200.0
2026-03-17,28.799999237060547,32.470001220703125,28.614999771118164,31.510000228881836,4038100.0
2026-03-18,31.229999542236328,31.309999465942383,29.530000686645508,30.040000915527344,3506000.0
2026-03-19,30.600000381469727,32.229000091552734,29.118000030517578,30.360000610351562,3320400.0
2026-03-20,30.34000015258789,30.520000457763672,29.450000762939453,30.06999969482422,5061300.0
2026-03-23,30.229999542236328,30.815000534057617,29.90999984741211,30.450000762939453,1965100.0
2026-03-24,30.309999465942383,30.354999542236328,29.719999313354492,30.219999313354492,1556700.0
2026-03-25,30.530000686645508,32.279998779296875,30.450000762939453,31.81999969482422,2055300.0
2026-03-26,31.510000228881836,32.2400016784668,31.239999771118164,31.979999542236328,1839500.0
2026-03-27,31.760000228881836,32.314998626708984,31.309999465942383,31.75,1523800.0
2026-03-30,31.940000534057617,32.1349983215332,31.31999969482422,31.510000228881836,1645400.0
2026-03-31,31.950000762939453,33.869998931884766,31.780000686645508,33.220001220703125,3232200.0
2026-04-01,33.36000061035156,34.33000183105469,33.32500076293945,33.58000183105469,1829100.0
2026-04-02,33.119998931884766,34.099998474121094,33.060001373291016,33.529998779296875,1531600.0
2026-04-06,33.5,35.32500076293945,33.4900016784668,33.689998626708984,2051500.0
2026-04-07,33.5099983215332,33.891998291015625,33.04999923706055,33.38999938964844,1432900.0
2026-04-08,34.209999084472656,34.4900016784668,33.54999923706055,34.209999084472656,1639000.0
2026-04-09,33.96500015258789,34.93000030517578,33.76499938964844,34.630001068115234,1527200.0
2026-04-10,34.630001068115234,34.68000030517578,33.689998626708984,33.72999954223633,1407800.0
2026-04-13,33.70000076293945,34.084999084472656,33.415000915527344,33.790000915527344,1234500.0
2026-04-14,33.77000045776367,34.68000030517578,33.720001220703125,34.560001373291016,1412800.0
2026-04-15,34.7599983215332,34.849998474121094,33.9900016784668,34.599998474121094,1107200.0
2026-04-16,34.560001373291016,34.939998626708984,34.0099983215332,34.29999923706055,1823600.0
2026-04-17,35.040000915527344,35.61000061035156,34.7599983215332,35.33000183105469,2607500.0
2026-04-20,35.16999816894531,37.15999984741211,35.15700149536133,36.959999084472656,2481500.0
2026-04-21,36.939998626708984,37.2400016784668,36.06999969482422,36.279998779296875,2079700.0
2026-04-22,36.47999954223633,38.31999969482422,36.25,38.310001373291016,2297700.0
2026-04-23,38.34000015258789,38.380001068115234,36.61000061035156,36.91999816894531,1863500.0
2026-04-24,36.88999938964844,37.150001525878906,36.279998779296875,36.619998931884766,1365300.0
2026-04-27,36.709999084472656,36.9900016784668,34.98500061035156,35.380001068115234,1655300.0
2026-04-28,35.60499954223633,36.0099983215332,34.439998626708984,34.58000183105469,2271900.0
2026-04-29,34.02000045776367,34.185001373291016,33.279998779296875,33.58000183105469,1829100.0
2026-04-30,33.58000183105469,34.25,33.38999938964844,33.779998779296875,1384100.0
2026-05-01,33.86000061035156,34.04999923706055,33.22999954223633,33.849998474121094,1503100.0
2026-05-04,33.779998779296875,36.08000183105469,33.779998779296875,35.70500183105469,1972800.0
2026-05-05,35.904998779296875,36.279998779296875,34.869998931884766,36.099998474121094,2468900.0
2026-05-06,36.25,42.09000015258789,36.25,41.970001220703125,6593800.0
2026-05-07,41.95000076293945,44.0,41.15999984741211,43.025001525878906,4247700.0
2026-05-08,43.02000045776367,44.650001525878906,42.2599983215332,42.86000061035156,3729600.0
2026-05-11,42.75,43.18000030517578,41.11000061035156,43.13999938964844,2782000.0
2026-05-12,43.23400115966797,43.99599838256836,42.279998779296875,42.540000915527344,2382900.0
2026-05-13,42.470001220703125,43.06999969482422,41.939998626708984,42.650001525878906,1828500.0
2026-05-14,42.45000076293945,42.70500183105469,40.75,40.790000915527344,1542500.0
2026-05-15,40.349998474121094,40.525001525878906,39.41999816894531,39.5,1717200.0
2026-05-18,39.939998626708984,39.939998626708984,38.83000183105469,39.47999954223633,1602600.0
2026-05-19,39.02000045776367,39.939998626708984,38.19499969482422,39.43000030517578,1223400.0
2026-05-20,39.56999969482422,40.63999938964844,39.5099983215332,39.7599983215332,1413900.0
2026-05-21,39.130001068115234,39.75,38.814998626708984,39.2400016784668,1264900.0
2026-05-22,39.33000183105469,39.71500015258789,38.529998779296875,38.869998931884766,1357300.0
2026-05-26,39.02000045776367,40.0989990234375,38.72999954223633,39.72999954223633,1291400.0
2026-05-27,40.279998779296875,40.5,39.20000076293945,39.20000076293945,1575900.0
2026-05-28,39.0,39.345001220703125,38.54999923706055,38.81999969482422,1044500.0
2026-05-29,38.810001373291016,39.290000915527344,37.84000015258789,37.939998626708984,1224800.0
2026-06-01,37.54999923706055,38.189998626708984,36.79999923706055,37.40999984741211,1639400.0
2026-06-02,36.85200119018555,37.290000915527344,36.474998474121094,36.63999938964844,1528300.0
2026-06-03,38.56999969482422,41.34000015258789,37.959999084472656,40.11000061035156,3663700.0
2026-06-04,40.58000183105469,42.47999954223633,40.10100173950195,40.560001373291016,2343500.0
2026-06-05,40.36000061035156,41.13800048828125,40.040000915527344,40.15999984741211,1790300.0
2026-06-08,40.224998474121094,41.939998626708984,40.119998931884766,40.95000076293945,1555900.0
2026-06-09,42.47999954223633,43.45000076293945,41.54999923706055,43.369998931884766,2587700.0
2026-06-10,43.369998931884766,49.30500030517578,43.01300048828125,46.619998931884766,5113200.0
2026-06-11,46.619998931884766,48.75,46.15999984741211,48.04999923706055,2531600.0
2026-06-12,48.04999923706055,50.40999984741211,47.959999084472656,49.52000045776367,2546800.0
2026-06-15,49.0,50.599998474121094,48.029998779296875,50.29999923706055,2580400.0
2026-06-16,50.40999984741211,50.79999923706055,49.0,50.540000915527344,1993300.0
2026-06-17,50.880001068115234,53.97999954223633,50.599998474121094,51.5,3615800.0
2026-06-18,52.31999969482422,54.06999969482422,51.95000076293945,53.220001220703125,7172200.0
2026-06-22,54.611000061035156,57.37699890136719,54.244998931884766,54.400001525878906,3979300.0
2026-06-23,54.0,55.52000045776367,52.70000076293945,53.939998626708984,3139900.0
2026-06-24,54.36000061035156,55.029998779296875,53.09000015258789,53.599998474121094,2712600.0
2026-06-25,53.630001068115234,55.15999984741211,53.18000030517578,53.630001068115234,2600900.0
2026-06-26,53.970001220703125,56.7400016784668,53.68000030517578,55.83000183105469,6852300.0
2026-06-29,55.31999969482422,56.7400016784668,54.790000915527344,55.720001220703125,2143100.0
2026-06-30,55.88999938964844,56.59000015258789,54.5,54.939998626708984,2577000.0
2026-07-01,55.099998474121094,55.439998626708984,53.5,53.52000045776367,2015900.0
2026-07-02,53.52000045776367,53.77000045776367,51.150001525878906,53.310001373291016,3075100.0
2026-07-06,53.400001525878906,55.89500045776367,53.09000015258789,55.470001220703125,2700200.0
2026-07-07,55.77000045776367,58.5,54.529998779296875,58.060001373291016,2105200.0
2026-07-08,57.61000061035156,58.47999954223633,55.939998626708984,57.22999954223633,1854800.0
2026-07-09,57.54999923706055,59.29999923706055,57.198001861572266,59.060001373291016,1555900.0
2026-07-10,58.970001220703125,58.970001220703125,56.54999923706055,57.119998931884766,1230400.0
2026-07-13,56.599998474121094,56.92499923706055,54.0,55.0099983215332,1950900.0
2026-07-14,55.56999969482422,55.869998931884766,54.79999923706055,54.88999938964844,2029900.0
2026-07-15,55.11000061035156,56.41999816894531,53.349998474121094,56.40999984741211,1616000.0
2026-07-16,56.08000183105469,56.779998779296875,54.375,54.93000030517578,2191800.0
2026-07-17,54.25,55.779998779296875,53.540000915527344,54.869998931884766,3408500.0
2026-07-20,55.75,56.25,53.939998626708984,53.959999084472656,1029100.0
2026-07-21,54.2400016784668,55.0,53.20000076293945,53.95000076293945,1489700.0
2026-07-22,53.52000045776367,53.83000183105469,52.599998474121094,52.68000030517578,1334700.0
2026-07-23,52.262001037597656,55.584999084472656,51.279998779296875,55.5,2961200.0
2026-07-24,56.0099983215332,56.45000076293945,53.86000061035156,56.040000915527344,1435700.0
2026-07-27,57.29999923706055,57.57500076293945,55.599998474121094,55.75,1680300.0
2026-07-28,56.0,56.28099822998047,54.61000061035156,54.869998931884766,2326400.0
2026-07-29,54.869998931884766,54.97999954223633,52.810001373291016,53.47999954223633,2916200.0
2026-07-30,53.47999954223633,54.34000015258789,52.709999084472656,53.529998779296875,2850900.0
2026-07-31,53.459999084472656,53.459999084472656,51.54999923706055,52.029998779296875,2489900.0
2026-08-03,51.05500030517578,52.650001525878906,45.81999969482422,46.16999816894531,6422000.0
2026-08-04,46.15999984741211,49.0,45.3650016784668,48.73500061035156,2865500.0
2026-08-05,48.220001220703125,50.029998779296875,48.220001220703125,49.880001068115234,2841300.0
2026-08-06,49.9900016784668,50.599998474121094,49.46500015258789,49.54999923706055,1404800.0
2026-08-07,49.959999084472656,50.189998626708984,49.11000061035156,49.7599983215332,1768500.0
2026-08-10,49.2599983215332,50.0,48.5,49.15999984741211,1912400.0
2026-08-11,49.290000915527344,50.349998474121094,49.0,49.900001525878906,1500800.0
2026-08-12,50.0,50.54499816894531,49.34000015258789,49.5,2017700.0
2026-08-13,49.70000076293945,49.70000076293945,47.529998779296875,47.939998626708984,2769500.0
2026-08-14,47.27000045776367,48.92499923706055,47.27000045776367,48.7400016784668,1073500.0
2026-08-17,48.7400016784668,49.79499816894531,48.5,49.279998779296875,1062900.0
2026-08-18,49.279998779296875,50.290000915527344,48.97999954223633,50.2599983215332,1194900.0
2026-08-19,51.619998931884766,52.334999084472656,50.709999084472656,51.689998626708984,1289300.0
2026-08-20,51.650001525878906,53.18000030517578,50.52000045776367,50.560001373291016,2435600.0
2026-08-21,51.099998474121094,56.869998931884766,49.970001220703125,54.27000045776367,5552400.0
2026-08-24,53.189998626708984,56.4900016784668,52.0,56.0099983215332,2847200.0
2026-08-25,56.65999984741211,57.900001525878906,54.68000030517578,55.41999816894531,1990300.0
2026-08-26,55.5,56.040000915527344,54.529998779296875,55.029998779296875,963200.0
2026-08-27,55.0,55.970001220703125,54.150001525878906,55.720001220703125,1222000.0
2026-08-28,55.529998779296875,55.529998779296875,53.83000183105469,53.93000030517578,1030700.0
2026-08-31,53.58000183105469,54.36000061035156,52.66999816894531,54.29999923706055,1622100.0
2026-09-01,53.0,56.27000045776367,52.11000061035156,56.09000015258789,3197600.0
2026-09-02,56.18000030517578,57.869998931884766,54.70000076293945,56.900001525878906,2360500.0
2026-09-03,57.400001525878906,58.470001220703125,56.189998626708984,56.709999084472656,1571300.0
2026-09-04,56.29999923706055,56.70000076293945,55.560001373291016,55.98500061035156,992400.0
2026-09-08,55.34000015258789,55.92499923706055,54.09000015258789,55.7400016784668,1085500.0
2026-09-09,55.54999923706055,57.13999938964844,54.2400016784668,54.650001525878906,1409800.0
2026-09-10,54.36000061035156,55.40999984741211,54.0099983215332,55.38999938964844,1367400.0
2026-09-11,55.709999084472656,56.2599983215332,53.470001220703125,53.88999938964844,1367500.0
2026-09-14,53.970001220703125,54.20000076293945,53.189998626708984,54.0,1362200.0
2026-09-15,53.59000015258789,54.4119987487793,52.5,53.040000915527344,1758100.0
2026-09-16,53.119998931884766,57.60499954223633,53.10499954223633,55.849998474121094,2349800.0
2026-09-17,57.61000061035156,57.869998931884766,56.040000915527344,56.470001220703125,1468000.0
2026-09-18,56.97999954223633,57.72999954223633,56.18000030517578,56.869998931884766,5169000.0
2026-09-21,57.22999954223633,58.91999816894531,56.0,57.15999984741211,2142600.0
2026-09-23,58.11000061035156,58.25,54.779998779296875,56.0,2119700.0
2026-09-24,55.95000076293945,57.54999923706055,55.09000015258789,57.52000045776367,1138200.0
